18.723103
7.859171
12.624742
6.272173
18.710231
6.915946
13.357547
22.084762
15.443597
20.660847
14.904661
18.988956
7.952898
8.256505
70.054786
18.390455
17.644157
28.603719
26.466619
32.892404
7.326407
12.077648
26.118496
30.163008
37.325032
31.311148
44.371609
42.156205
14.946336
6.620572
8.295938
6.972769
12.631764
17.286019
7.991039
14.734656
46.840932
17.951699
13.291208
8.011488
13.089760
9.709887
19.268219
7.853803
67.862456
6.948008
19.296470
26.183550
33.324034
13.342352
18.394510
18.186380
6.354499
8.607095
42.976075
6.785962
32.569520
16.946664
41.452857
15.364435
6.157819
7.203932
11.106208
6.798672
8.749564
29.996487
6.293716
6.541865
8.224590
10.125155
26.699041
6.874606
15.188952
6.263867
8.106555
34.979602
38.079701
14.866604
16.636874
31.221289
7.068616
14.903037
14.770213
44.990762
11.815638
27.009834
11.338536
6.985711
19.081742
20.263300
14.387636
8.015609
24.521977
9.309975
51.616560
54.227829
7.555919
57.642722
6.340251
11.002565
28.395760
7.052204
7.461539
50.326964
28.020369
6.101014
7.673236
17.166817
10.059325
30.225177
38.705892
64.812307
26.441836
51.065378
8.553354
16.272886
32.849731
11.699076
16.305314
9.797404
12.269656
7.519507
9.902522
27.743038
120.624207
10.638954
39.476797
37.671088
28.898798
15.450345
13.610757
6.351080
6.268530
12.324345
38.043947
31.512630
26.664503
59.252893
16.681038
36.245979
15.225686
44.775412
30.670184
11.815275
9.319469
19.366278
17.726606
6.638657
32.755078
6.790075
21.260486
16.325020
14.683870
63.986117
10.987159
49.533816
30.890921
41.422521
35.625796
15.720143
6.835110
28.134916
16.186051
30.524082
8.609799
9.890696
69.064320
7.580950
7.580950
38.842690
23.337841
6.922165
35.736477
42.422729
7.086677
33.192936
15.408751
25.204003
34.906278
9.437755
42.273034
14.619561
33.816650
16.395974
39.122512
18.912040
23.791485
24.444957
14.619537
7.943472
34.183823
10.944113
17.722738
9.045062
30.031722
12.396125
15.454000
25.212795
9.102425
12.613889
54.135732
8.010931
21.294808
10.753072
51.612644
17.914452
44.624571
25.283442
10.748151
21.291446
49.918921
6.635484
7.098713
50.591002
32.549072
11.075489
38.091350
14.847349
46.665571
47.309054
32.892200
31.163292
24.070358
6.262077
11.615894
12.585767
7.279690
16.938176
6.823794
59.680267
50.480486
27.734927
39.531704
9.212894
11.437282
41.593025
7.368621
16.219672
13.276580
14.442230
20.401466
9.559962
7.222015
40.689839
46.035406
7.893456
50.548156
13.112638
7.738059
28.574775
19.161763
10.699385
8.048300
24.422835
13.426908
35.160049
7.899926
17.632187
15.891309
50.821396
10.433443
6.139856
30.526607
39.246473
17.027111
10.026412
8.866800
40.002238
16.957826
6.810794
7.921499
11.790942
36.635520
24.574368
9.937352
12.865773
14.574018
29.427447
45.606152
8.532986
20.263992
20.981234
57.636576
11.975305
52.934657
6.910938
6.540167
9.361567
63.545661
8.358506
6.307928
20.470771
28.324632
15.120842
15.455493
36.465334
47.932561
7.885575
40.911200
41.376031
17.156552
35.199706
17.833831
37.285909
29.611330
6.402176
24.668103
29.507126
21.314178
12.234865
13.293755
35.696749
6.772622
15.709646
14.502052
9.125148
36.781266
9.796506
12.425372
28.490748
8.898717
21.577154
35.684594
23.613172
14.066339
33.989000
9.453264
38.806852
48.429636
11.465688
54.054858
10.701040
7.872595
12.013456
49.860637
14.921404
21.114510
19.211710
52.684631
8.486521
8.586335
62.806754
27.594768
7.291896
21.446111
13.238673
6.786589
9.684662
9.877886
6.289587
50.147457
14.903912
13.215347
8.421468
50.939421
7.312443
7.312443
17.279910
8.273606
14.761729
39.254663
6.596468
30.050744
48.322254
17.682944
24.601370
23.741451
10.834166
25.849329
9.238803
44.650353
25.140159
50.295777
13.338947
19.591591
41.501640
9.277759
6.365034
26.171585
29.866346
21.375766
12.189177
40.557835
22.317642
7.252143
28.446006
6.176788
22.730354
23.992895
6.310850
38.468004
25.313651
7.321769
29.048072
7.739685
40.142120
7.818189
33.593049
14.928300
29.668459
39.252898
31.139405
41.671650
9.131761
15.977428
20.537002
31.327424
8.261256
14.336096
6.486127
6.815053
24.173185
30.210187
18.924090
8.031554
24.260461
27.880889
44.343990
9.834631
7.568105
12.419347
15.656289
27.512519
6.929425
13.370518
9.866674
16.128547
24.467424
19.957398
15.221682
43.050629
6.866962
8.751903
13.187780
6.167256
24.022203
20.424769
7.865947
41.392354
28.516136
19.890874
13.658094
9.271031
16.776663
31.657546
8.672479
33.009774
36.680166
8.718768
45.698469
7.524698
28.548617
22.432292
15.139998
7.241479
14.777564
21.466012
14.690021
18.277496
14.265611
7.952537
35.626631
21.252405
8.634784
8.634784
72.143611
19.087697
79.773771
38.708230
18.257174
22.645563
35.723491
12.297002
40.389647
34.270835
6.941419
9.912887
15.167194
36.698406
64.555922
42.444225
38.482766
47.252318
45.859223
7.322157
27.071011
16.575034
61.090463
7.029399
109.813124
6.940562
15.268835
31.737513
18.685646
26.510862
15.456512
13.706300
18.776668
60.474883
62.499666
46.998824
9.647457
15.462990
70.009915
19.294092
7.807154
36.030770
23.918144
48.714158
7.225326
9.274790
7.349638
32.754627
10.873693
41.650138
32.134595
35.886105
16.281419
29.137800
52.534358
11.409730
8.750618
16.610459
19.777977
50.616854
17.094058
9.746085
29.287004
33.128186
20.381891
12.057359
18.093557
10.450455
13.292009
6.972553
70.536945
24.755137
16.386859
9.656507
34.082194
30.326483
32.434022
53.070141
52.703107
26.896423
53.712023
20.256247
9.975333
66.967974
55.126658
12.500627
21.158358
15.028401
16.513167
39.383572
14.508566
9.577601
6.390554
8.145013
18.627414
49.960036
22.258515
6.335888
9.971826
7.517171
47.844788
36.740099
21.120510
7.328371
41.840257
6.998100
31.172336
68.704143
16.031612
46.049482
6.821185
14.368528
86.035657
34.154376
79.576884
34.405579
12.780922
17.809650
19.430263
6.719527
24.850824
15.134594
13.850604
7.196788
30.678831
38.213428
32.760850
13.796267
19.064506
26.934980
9.066054
6.064009
9.943932
7.254390
77.020184
37.564288
7.354563
15.507879
35.002162
6.579924
50.144294
27.969327
13.901885
7.810630
18.974215
11.944165
6.525357
33.492879
9.278252
36.956464
27.307372
17.584943
46.948991
33.438420
27.537560
15.630691
12.939283
29.271361
7.006931
6.689095
15.461470
13.438415
13.152112
19.340572
49.961293
6.782051
14.305183
61.497652
7.486987
35.970796
32.066781
39.953230
29.912953
6.851354
11.620161
8.662324
13.559748
19.673016
7.405343
19.923704
7.841211
32.416794
47.816358
31.898272
32.419997
10.920978
26.158260
7.734564
42.437629
39.270724
16.387314
7.845363
9.782229
25.481538
10.526916
13.045581
42.770038
6.464379
27.294423
6.466798
6.329007
13.550534
44.150273
27.347793
16.946778
31.748425
10.033631
6.606727
14.705376
31.826894
8.422178
8.717065
17.229177
28.820617
11.668698
10.754562
10.917069
8.408948
26.179326
7.998581
45.033974
19.681597
26.843778
48.825071
12.023583
8.253981
22.533537
8.963404
7.105152
13.888691
10.840477
12.748179
26.519300
20.059908
29.869862
12.127356
22.784677
38.663667
46.133074
45.386296
6.830450
10.004576
45.070638
8.255688
10.576466
42.357543
10.478950
17.986054
8.929653
31.098977
49.174994
25.708569
33.332366
10.447141
39.711906
7.160473
42.619422
8.166194
16.855909
24.425224
20.909939
8.749190
41.379366
22.055552
26.247159
48.625935
67.316878
7.007338
8.016130
55.591946
37.921387
35.327679
11.025560
20.789959
8.482561
8.947017
62.024960
55.190098
38.588553
39.378344
13.954449
19.461744
33.670353
15.123776
16.317604
7.402221
27.507632
51.497914
12.881023
28.259880
25.883114
9.217447
36.037242
14.730430
32.524714
7.294368
21.889148
7.073548
25.680995
24.798457
23.959656
10.248108
45.346117
6.938951
7.653929
12.580536
10.461151
17.239469
26.296007
10.097614
21.788871
43.669644
39.490018
10.175693
31.620086
8.410894
8.024695
43.916565
55.703319
19.740694
7.555374
13.738768
7.991645
8.946034
27.545804
10.155171
13.092780
55.903189
14.414308
8.531477
6.947973
18.504288
6.944217
11.151064
27.441994
20.607460
17.537091
14.637528
37.632744
42.888810
32.006477
16.510296
85.241328
43.344845
32.867192
6.270152
30.678740
29.015656
58.372875
21.145308
9.415989
8.577611
35.424808
40.564596
13.907701
20.903738
11.583287
8.650349
20.713954
8.706079
6.523618
18.281427
14.641852
7.381709
35.081409
8.847054
9.492404
33.500307
6.974011
27.233533
7.014701
31.345675
37.958921
39.417136
44.980030
9.029207
57.164754
7.613492
6.611207
7.495176
11.367195
29.862535
6.495310
35.384788
30.764157
17.044395
12.325416
26.623686
24.133081
10.599326
18.190745
31.343920
25.006014
16.168507
36.439312
20.467218
41.875821
30.661716
22.407626
27.261171
8.168590
7.530399
13.209290
52.420805
7.311818
9.283049
6.616533
27.314858
6.940228
43.257605
9.337014
38.531986
184.340132
6.902491
39.491195
10.306631
6.331145
37.429762
22.767024
66.108960
7.255694
7.255694
84.639678
12.131484
7.694207
7.619115
49.448381
10.594082
13.806859
32.263396
15.716699
24.982271
6.970768
17.225120
36.233172
25.626313
51.521139
10.657880
14.533107
15.879201
21.144514
26.837066
20.922937
16.262146
45.609221
9.146118
39.524296
20.788031
19.939820
11.560066
7.871309
9.061359
13.307743
7.173426
18.800341
6.358544
6.433573
28.436318
18.414090
7.544213
8.484291
54.959955
7.346253
7.013179
13.409297
29.824229
53.627395
48.460135
7.875195
7.000082
22.774527
7.116983
37.785508
7.923258
32.879038
16.132928
33.997025
19.916661
7.881490
35.430275
6.676929
9.257108
31.796729
12.088265
8.416140
7.485015
17.126857
10.277312
15.804326
13.490013
8.091007
31.554868
7.652072
6.700254
18.029863
53.933763
44.651482
13.288546
13.630203
26.157439
32.153660
12.431141
38.785200
18.932785
22.021358
29.677391
42.289248
69.375779
27.232608
11.487073
14.997898
10.967256
44.055753
7.799467
87.650061
32.392964
12.150248
59.703249
23.556098
9.868700
46.733394
13.330356
7.531458
22.800696
90.664521
7.209418
7.730402
38.509030
11.381780
13.852540
27.960803
14.625714
17.077687
7.796673
102.587705
25.331957
12.493914
34.091858
20.523632
7.871239
28.589732
7.051828
34.417875
10.361342
8.133186
9.761956
7.249421
27.291989
19.679090
34.051462
13.969226
20.192928
19.198151
6.445993
19.225444
10.415157
20.676867
39.389096
14.567871
7.654776
36.074829
67.891480
16.369358
46.514935
25.685927
24.844255
10.972720
16.947398
41.832918
38.048032
6.569804
32.208866
8.765532
42.815805
81.582170
19.945604
6.841444
6.754511
53.640544
46.944908
6.450043
40.253818
15.694665
13.230254
8.510829
56.549630
12.546260
14.640911
51.052477
12.683254
6.911945
15.982148
34.480997
9.994533
49.736356
36.620242
7.890300
6.377819
27.930102
30.055861
18.442932
38.844218
38.296563
54.253590
37.864086
12.429862
17.086214
20.093287
16.213513
12.811725
43.449475
6.497829
46.540954
32.804694
7.146466
7.900416
6.481541
30.144244
8.034496
15.048396
12.824855
14.336071
23.915124
39.304606
12.103361
17.401688
24.111080
8.089059
62.041707
60.055054
14.900190
38.216020
22.622841
43.868509
9.920995
18.448537
48.514158
47.287910
15.600737
20.099837
7.387637
50.558260
6.600445
28.340350
6.482775
18.481466
6.589552
17.312208
31.206072
13.102268
8.670712
13.916156
11.118452
36.909659
8.717808
12.847572
16.495170
64.705385
28.867711
9.736156
17.509768
14.552999
8.664393
48.711065
36.099036
40.614317
17.313500
10.388436
55.256867
42.876861
13.924619
7.469009
9.540235
7.939344
17.039956
13.496341
25.722448
18.470304
17.503787
13.360030
10.393305
21.619056
9.825500
16.295675
9.528450
16.279157
36.367600
6.648371
25.677107
44.312792
9.311234
20.618564
13.964110
11.874270
20.532114
7.833636
37.752896
11.218141
27.867462
6.300881
11.230065
6.701345
38.431542
14.395188
14.265918
19.184261
7.788287
10.873068
46.367767
53.393639
19.464032
15.583634
16.414653
74.891547
6.579986
15.378292
20.950849
10.355286
24.612731
16.071320
34.264556
29.923934
38.227663
9.979997
42.554251
63.671980
17.939567
30.387724
16.173830
9.745625
10.611931
8.848946
11.469520
6.896903
15.601989
21.812623
6.422982
9.532770
18.099339
14.174767
20.549126
16.475009
35.202330
29.156655
29.540763
7.181843
9.240960
6.874821
11.414935
11.812145
6.478096
12.987870
20.418261
7.034468
9.509963
18.093397
70.944306
21.034619
32.392092
16.111492
15.775964
7.119593
6.740014
6.864816
46.678662
16.183811
15.230424
59.101627
48.569595
22.693281
13.138751
38.052835
6.191523
12.837061
31.045235
21.484215
25.036839
6.053442
33.794915
12.039114
20.532042
14.798707
12.923168
12.741292
35.410440
13.707903
39.630767
12.574961
13.921791
35.681302
32.516935
71.090052
24.326491
44.533891
11.126331
13.527077
29.916324
13.003745
7.005419
31.699124
39.778392
11.510459
28.420697
10.439245
6.629967
9.286058
46.114478
32.268818
8.652885
6.312575
6.312575
68.365514
6.417376
24.470365
50.321507
17.258471
29.134112
18.930131
9.223266
42.206209
14.841010
20.871952
8.538420
35.484520
57.021293
38.439260
22.200670
7.870860
9.236264
18.767756
35.900200
9.175888
17.726159
35.509640
99.290133
69.614383
66.985591
12.685604
9.317120
7.538434
6.408953
10.671750
39.607000
52.916765
75.304752
31.037589
9.365992
16.147076
6.351847
8.156898
28.108732
7.442051
36.486372
6.429439
16.034242
21.103230
37.526065
37.596426
16.921092
12.494207
8.018541
16.329475
10.176450
24.027814
9.748721
10.873967
7.234378
8.423271
62.648508
34.756816
24.292652
13.730261
6.708727
8.789592
11.863636
55.712359
51.031279
31.831699
20.082168
8.523844
40.559216
7.719377
18.363291
8.296156
8.318009
6.497923
18.753040
11.930258
7.987459
9.702843
40.531108
49.296997
32.399396
14.125967
17.770061
20.060314
25.130035
37.956067
9.349253
10.549872
6.951884
16.856662
7.486361
49.561189
11.480439
28.935209
30.048841
14.602307
38.632235
56.639827
17.162748
6.942627
63.023710
41.266792
30.894858
20.197268
27.406132
10.389536
8.425870
9.301435
39.008554
10.799924
19.295721
17.584045
13.383727
30.058842
13.495726
49.466436
7.553702
13.579299
19.395606
18.777158
37.119733
46.107971
28.401950
12.661723
9.868709
41.121549
7.123991
10.932736
6.831288
41.067912
7.517047
54.704005
17.862837
48.555827
54.813815
16.846832
27.146351
56.389594
60.900267
8.775828
6.387993
40.819881
33.255100
52.553083
27.178780
17.729242
50.172310
6.497240
21.307128
6.461689
11.896497
34.191627
48.814854
10.513665
27.798636
6.318994
12.725506
30.208469
29.958449
18.452543
8.821142
12.375532
16.928510
17.106330
93.726791
17.320167
7.226253
6.570802
35.825288
7.137361
15.560915
8.788045
14.124320
10.497770
8.767156
20.820130
20.765720
7.702763
7.316946
12.934143
33.510492
30.131027
17.947919
28.508811
28.513808
28.389887
20.876497
15.138652
30.462496
24.471556
18.108935
20.365291
8.879649
6.248690
13.831874
13.499402
31.853324
33.351002
6.449152
18.450175
33.199078
49.145590
33.780718
53.733135
37.282255
7.759058
6.346273
28.221366
15.694844
6.235921
7.734038
25.030206
73.361282
6.459322
38.760071
18.269504
24.454559
34.981943
7.075526
29.125876
30.369078
16.202347
7.674371
38.945184
10.859061
15.135199
8.270795
8.032467
8.182034
9.969235
13.235227
19.957088
7.750565
6.492079
18.540408
8.768141
19.163760
22.038737
37.534793
36.212915
7.069254
22.469353
15.087715
14.280985
6.298753
12.598685
29.322502
9.113049
20.922059
8.234675
6.961066
18.694967
7.083363
30.921937
8.319422
10.218852
37.060446
7.576610
13.674453
74.001146
29.716057
13.496112
15.694740
7.069078
6.922034
16.714059
7.162139
20.423024
6.924335
62.584179
35.187075
12.630746
33.480732
6.480044
12.895915
33.563637
43.729995
33.306250
11.495141
64.804097
10.551429
9.859266
17.323440
10.554620
22.826207
6.752180
12.589469
22.743798
21.580217
31.660146
6.368860
18.176963
13.400599
6.550453
7.139010
43.694840
42.232168
36.217668
6.410066
29.617800
74.191674
6.474179
9.435788
56.978101
39.465845
23.519002
27.999763
11.657078
23.863237
7.739765
52.676926
29.429334
45.995479
57.683720
16.426067
12.260546
9.180130
8.016713
26.790216
8.092385
8.734373
9.141718
14.113985
60.305310
34.365129
37.356547
13.921725
56.116421
60.805573
19.274435
27.276462
25.738295
7.098595
6.969582
9.693022
29.241824
7.024062
7.024062
6.978268
17.343796
37.194590
8.078016
24.541198
43.760409
33.528618
18.994679
18.124350
50.364212
12.018316
46.842738
58.055536
17.060862
38.041234
18.458452
58.548072
14.613097
20.336785
12.432375
18.636652
21.337484
6.650682
19.471955
58.509742
7.486484
13.456062
13.036491
54.239104
6.509540
11.963847
27.732506
14.343951
17.036049
21.058322
17.169208
7.063458
42.805274
33.583434
33.739052
18.265144
23.562404
7.636801
10.307250
35.927809
44.734983
41.520329
7.838229
6.282447
32.856332
15.615373
46.378691
15.087809
28.566767
15.864723
11.175955
14.502692
8.651931
59.912245
33.996331
20.407617
23.736816
54.337074
6.856861
18.609117
73.505951
29.283207
8.574179
57.189471
25.319222
47.027766
6.917504
13.525072
18.559782
9.253322
28.928377
105.793630
14.175230
41.303222
11.452196
6.851031
8.619187
7.400819
21.978046
9.176507
8.940421
43.207242
15.767840
23.163996
9.251161
13.254424
8.635229
56.011363
46.793132
42.572362
34.571120
13.106369
14.255416
12.552940
7.235011
11.426872
12.988308
6.798608
7.936843
74.150081
14.967922
17.607314
8.525055
34.538059
14.923580
23.922511
37.608634
31.911473
32.968825
19.009013
31.141494
8.173620
16.919174
45.652539
43.057393
35.423052
6.419460
12.227554
39.593005
11.472883
6.559993
31.045320
33.293257
15.622631
41.680281
49.844461
7.606779
6.280910
10.464560
34.623674
52.149625
14.223153
14.360707
64.734122
10.499692
32.796858
14.189239
14.250998
31.860687
26.472342
14.103785
8.830570
19.387178
12.508887
37.672306
42.007331
45.157587
16.727054
44.515408
28.108192
7.682827
31.015910
13.434933
24.031169
9.590344
41.257270
19.786631
14.440687
6.432282
10.359845
43.231749
6.692587
46.057984
13.108570
7.337470
18.757220
39.695246
19.223615
17.635900
7.894504
26.303602
6.196848
6.146772
12.595765
36.020469
11.642054
43.722366
11.215349
35.416108
18.848302
13.259683
6.981882
18.920638
10.439813
19.747302
29.342019
13.577746
11.571757
26.341952
6.717397
6.674660
6.341308
41.840961
22.012125
8.659097
41.008073
15.446666
49.855150
7.005265
40.534719
28.615915
10.990874
27.494235
6.271775
40.178917
10.795173
16.161375
13.675077
43.698500
7.145519
20.264355
28.867798
6.736899
6.664027
14.408712
29.912994
117.235051
12.430046
7.709660
10.099419
11.616677
33.909408
14.883862
29.662271
8.986306
10.895159
23.058690
24.425165
9.479827
50.041432
19.793164
7.604968
19.328549
17.150684
61.112450
41.792482
6.562694
7.307303
32.331863
27.646571
8.818112
18.070353
6.165347
6.623704
6.547409
46.502451
38.188028
7.135077
26.574228
141.811674
47.202384
8.361822
26.914518
7.401250
18.470767
16.563777
13.168591
28.723325
8.958217
13.460680
6.558159
10.054800
6.749130
7.253680
19.842731
41.236337
9.204156
36.088576
27.548893
36.901128
37.666769
6.427886
19.182127
6.239980
31.359945
12.041947
7.713064
11.073192
9.933751
17.548926
20.445775
12.462715
9.239021
49.639374
21.410459
45.321362
11.776114
7.045531
27.545257
36.404052
20.403355
33.088556
21.975145
28.200191
20.466035
6.911381
51.530314
27.689648
11.304649
29.162114
7.527943
31.548308
9.544344
6.391992
29.269736
63.025519
35.963467
14.565508
39.330487
10.250459
29.220181
17.125905
10.086019
50.377608
8.698127
19.797494
29.244753
13.739098
9.147086
13.261693
51.631421
10.579374
7.785099
15.666324
17.860178
10.901165
9.419052
6.991463
6.263722
6.809538
9.130239
37.396395
6.509330
26.656723
8.416022
46.117676
24.082370
42.195694
16.224784
16.025377
12.914931
6.564622
64.550161
6.781574
14.056457
69.597476
76.665137
8.238181
23.777884
35.364365
13.135073
7.521073
11.800049
6.846865
41.452369
35.719802
32.685661
16.902385
13.740809
9.935555
21.600815
77.830912
13.426478
7.434325
24.935543
20.832472
50.747944
6.190567
7.236271
11.696334
54.595242
22.829836
8.443670
16.462802
60.621484
7.196395
11.568516
53.419982
36.788655
22.119008
19.912124
16.974641
24.915685
28.227595
45.318295
16.980041
59.000364
6.711929
21.438461
11.219228
8.790983
24.742233
36.832813
22.819422
7.831581
7.212342
11.064590
32.131433
7.175220
42.590483
9.000811
7.764896
15.092008
36.691603
10.523743
10.090425
14.183111
34.880639
10.168163
30.679252
14.998335
38.555673
32.665446
7.208274
7.605777
13.651544
7.597046
7.206598
7.153640
6.318302
12.304701
20.802994
39.637490
45.777734
7.690841
38.471087
17.748647
22.206568
7.240186
16.110002
16.628429
50.751136
7.013351
53.927216
6.794562
6.651009
59.174398
8.164214
27.760419
20.706110
27.033305
7.633661
42.067358
14.168294
9.067145
12.807196
13.179417
26.751187
42.777633
9.722023
17.301130
16.997999
10.433236
28.307469
7.038708
36.153680
15.638930
9.733081
97.213021
7.372781
7.372781
59.138799
20.660491
31.327163
8.155507
12.562435
48.288219
21.476076
28.399795
15.088966
8.469858
17.736520
44.366835
23.610554
21.565334
23.959209
11.296284
6.821500
17.086513
6.679985
27.195401
42.956237
8.747377
53.598244
50.757579
6.775966
27.879974
22.131581
7.237722
68.115591
7.984630
36.660027
15.619904
52.732275
18.463185
85.191867
10.118886
6.819261
6.984002
11.025191
16.963407
28.238965
33.908622
141.817393
6.188338
7.723011
6.931930
33.549031
73.461692
17.091059
6.283087
15.821135
13.876145
33.980555
16.045165
6.555872
45.314068
23.484090
6.469522
32.790198
8.171886
39.485717
20.455554
15.415429
71.157145
14.753918
13.041816
30.575697
7.799281
9.697738
30.943617
33.148298
29.669654
17.952582
30.536403
32.586935
16.786521
28.893148
7.634199
7.512310
9.343918
7.663101
34.031797
10.302611
6.431354
58.925038
33.114049
10.805707
17.739125
22.308112
18.154144
6.327875
35.697219
7.493300
11.064624
15.644509
17.300319
10.884641
7.787208
24.238471
39.175273
7.573844
6.452523
36.160346
15.001711
6.447266
42.194386
23.295616
39.313767
76.381133
33.100050
7.468415
10.990272
16.094681
16.975850
11.331910
41.532748
35.693380
11.832447
7.917808
57.017169
42.617242
21.354883
27.672471
6.437891
20.379291
6.841991
36.692014
11.437747
30.470549
13.455936
31.224867
8.214064
21.959823
56.291279
11.938149
14.225366
32.875582
11.876731
8.836103
8.651520
6.372234
20.877563
8.885120
9.009264
20.430621
22.049145
15.885622
9.985718
8.139278
8.848681
8.413566
7.248343
12.507947
11.538612
19.836995
74.251485
7.834402
6.029547
6.362882
15.033360
40.685644
16.396407
43.922261
7.044318
30.400809
17.575303
7.850641
19.923423
22.268197
26.412375
7.842991
13.596643
38.672234
6.941911
24.019101
15.145402
7.085611
19.081997
40.741235
32.016774
39.803122
61.375495
10.696299
20.813143
6.516244
13.012049
11.809030
6.245415
82.991674
17.690760
10.485899
11.714815
55.010139
56.088031
47.814457
11.053687
21.931903
8.089269
31.808616
19.657189
56.236590
15.170727
46.023690
17.609344
7.271374
6.805501
8.000739
7.526846
65.991502
55.238681
6.373070
27.296953
13.870356
6.603067
20.270246
17.737449
24.683078
13.519276
15.030524
13.854693
38.658767
7.321663
7.393198
13.757731
6.349830
10.383142
51.722910
91.277786
13.755144
9.042167
13.272372
54.014536
10.417617
33.731940
14.931625
9.091871
7.748179
11.421261
6.271739
6.757344
6.762761
24.968993
8.428999
9.433984
16.199081
62.979416
12.805915
44.113377
17.759640
11.698775
15.494086
13.581121
11.282477
53.038788
13.757370
49.362270
6.129126
22.785108
28.314419
6.213052
32.689536
18.598072
9.430977
8.158070
22.083498
6.325710
16.966058
6.454043
27.533526
23.727756
15.328793
28.583936
30.107400
22.227959
30.896181
7.373909
7.824375
9.053266
19.074395
17.015478
15.126687
6.351945
9.800530
11.202010
6.341705
25.254752
65.852253
16.207549
25.371873
19.349245
34.141695
105.717435
23.101218
34.809926
9.670414
60.180921
21.362995
19.585348
6.945962
35.928244
17.790536
6.138014
35.459291
12.208605
53.134289
28.428294
29.575490
39.896636
11.110507
17.623417
10.623812
19.629605
27.428311
7.236000
20.115760
8.266906
8.804265
20.998060
14.383414
6.839119
6.270761
8.547625
48.145308
8.199544
37.547974
6.601405
170.609003
48.633713
26.306485
15.735221
43.789505
6.917158
38.326323
52.241291
27.116717
7.034598
11.047300
24.248660
43.107663
23.510570
18.270134
35.994096
9.553621
28.685973
28.877407
15.114891
12.306092
17.799182
23.851868
31.748278
13.714730
7.078632
6.769015
11.213504
20.948979
57.785538
17.758596
13.956520
20.224888
48.917401
30.456146
15.672983
6.227314
37.601790
6.804385
40.208039
6.776610
21.589266
34.121815
32.662298
15.899065
19.760289
38.461889
6.934180
60.777350
50.252531
28.337331
11.795795
11.336416
42.023852
6.741287
17.310983
13.796482
23.479586
6.656590
45.112581
13.512512
7.394946
41.505899
15.870780
52.681284
42.044115
7.205225
10.120420
11.338206
27.132374
19.677593
24.237015
20.234716
17.095247
45.287466
32.922662
43.957649
21.255643
33.072786
60.482718
14.662875
45.912481
11.974514
33.555788
8.002995
32.267649
64.414698
37.528071
18.384410
11.044641
21.019430
23.887491
6.422201
28.469507
53.086297
8.683420
19.503103
17.168051
7.225691
17.717042
21.585354
35.552997
17.726222
13.440942
16.654578
6.405934
11.191846
6.757884
39.849837
7.481659
32.702213
41.100344
13.858242
37.265355
48.149167
7.929754
77.024713
40.927446
27.344186
23.843209
6.895627
9.978910
22.143203
8.336263
20.275094
7.150382
30.056927
12.440947
9.698993
26.746521
22.035844
29.776478
22.274024
24.630777
40.130814
25.471462
40.309052
21.490915
48.104513
14.335337
15.771673
9.334993
48.016985
22.505477
49.068444
33.946556
29.779823
46.025497
39.685636
8.620798
29.087064
9.202852
9.237441
29.540519
34.843277
35.065160
30.347175
12.810401
41.445563
7.007605
12.990373
6.816154
33.084199
42.806335
8.219698
12.341012
10.248511
14.567362
10.826071
72.299851
62.586171
8.012179
30.369233
9.299344
43.582491
7.921409
53.964796
9.833121
34.647236
19.308323
14.430245
16.158031
12.247679
9.134421
15.569496
33.972493
10.815451
7.200515
13.830179
32.115578
6.546066
11.946288
19.809749
118.745902
6.236845
30.457244
7.838498
19.875991
26.015328
55.145869
35.055670
38.371152
6.550427
7.850438
15.496469
13.303066
12.104666
46.941267
57.281742
7.100791
7.047708
7.170241
14.415646
52.766150
24.695753
15.457147
62.016831
8.764721
10.632284
26.105907
26.086426
6.309467
58.737493
8.892841
6.889785
7.739894
7.144680
6.573371
10.564710
24.955498
6.525482
24.104899
9.744478
25.565016
28.127394
6.457316
34.325230
19.046432
19.911039
45.502181
34.287011
21.543707
8.933753
21.275952
14.190584
9.708902
22.622199
10.229348
38.939535
17.569136
32.072681
27.613911
8.871413
11.542448
24.976829
40.957892
6.908018
6.425963
9.511465
16.705491
25.922045
40.721146
11.027576
16.919047
22.488821
23.104763
33.628250
9.024763
28.532235
7.164753
28.812972
6.962837
7.924143
8.595696
12.179714
56.238139
6.351495
20.421530
13.299340
35.368221
10.729296
15.833640
7.655160
50.599354
25.049537
17.828561
6.728038
15.278715
7.923740
6.768814
37.239017
18.634806
38.427451
14.380248
24.984946
32.958568
15.385119
26.601699
16.354383
7.390584
9.351202
13.194759
34.885206
16.676310
20.184173
14.087607
17.556181
6.423856
13.913285
13.811637
7.860325
13.392573
11.444895
13.043015
7.091878
9.373381
17.702876
6.297993
22.668636
7.083964
12.550238
36.470764
9.305049
24.955196
44.784172
22.935752
7.767592
8.613803
7.557201
6.957081
6.557147
33.563414
14.406999
17.252950
58.616585
18.752669
8.763282
32.089575
38.892376
41.251924
16.001627
7.722695
16.606308
15.878265
27.341340
53.551785
7.211832
43.214012
25.314844
7.225578
35.065740
7.913166
23.818762
7.720614
19.082458
57.488315
38.366643
58.590081
48.986409
32.123259
13.661331
16.569034
30.636655
47.605267
11.354863
19.604271
21.315837
7.901829
26.408670
7.091287
12.314996
37.868083
7.191437
9.124906
14.568323
6.361405
6.944544
27.166570
8.109422
45.547890
12.831279
13.894248
43.846475
6.803100
25.263741
47.938800
12.013746
15.281964
13.940710
7.773901
9.585104
19.281492
37.119870
8.148129
7.093411
11.647008
15.980767
17.541931
12.039858
20.459446
10.498854
10.328448
9.396904
13.365459
10.139156
6.427819
15.213376
19.051886
34.015592
31.032593
10.161495
6.447518
17.817441
10.265875
14.969500
42.369880
22.802826
31.511086
17.595402
6.859218
17.225181
6.860553
16.277863
13.349832
11.220952
49.446683
21.641575
41.546444
13.682128
27.716068
10.119768
17.136125
26.396075
6.477405
16.287878
8.439742
10.662508
16.667718
8.514446
47.985660
7.411772
30.782919
10.391679
10.863648
17.622537
40.565329
111.599414
7.729383
44.938392
6.554234
6.817477
7.251154
30.647228
7.486634
11.624827
9.134042
8.058338
40.597361
7.995449
23.680077
11.647887
11.375499
7.997080
65.052536
6.879155
34.577288
8.304417
7.975244
66.913227
10.116075
16.390789
19.529927
12.421203
7.390300
8.207673
16.078963
12.805036
18.467692
6.366065
13.722107
42.714475
18.497078
12.305988
17.823132
37.736681
14.973969
6.776829
6.345968
15.886380
16.400294
31.867603
72.088206
51.406179
8.806830
16.226661
21.042428
7.910526
23.618209
6.768138
26.867264
23.045978
15.795581
8.454020
35.419500
9.438545
12.117232
29.225902
22.397915
6.637551
16.294703
14.650054
7.826127
32.112871
11.087000
6.776294
8.085831
6.968422
19.540491
17.925557
59.225620
7.154513
40.230806
14.172965
7.565972
6.858484
9.183364
6.658898
7.954383
33.402361
41.682466
31.340741
24.402240
8.132163
6.291836
8.147585
8.204265
7.227168
30.674632
46.007027
8.678686
9.767280
32.228319
22.584802
37.410106
7.019292
26.167367
27.886425
25.119194
34.649996
16.453871
20.648940
23.908663
23.495469
60.099396
43.215147
39.135892
6.344047
7.432478
10.098185
24.256229
48.595626
18.902898
8.135437
8.267470
6.953199
6.958139
8.207283
14.361217
20.307780
19.258562
15.148103
7.207084
6.944793
6.696101
19.133396
37.889406
30.991822
9.274683
16.664638
6.399150
90.688993
46.886762
40.867429
8.065800
16.002527
10.589184
10.439261
49.581248
11.818019
7.732613
18.031979
9.644643
12.854706
46.894176
15.660782
10.293892
11.446464
17.295136
32.391458
27.097012
10.990592
8.512465
51.482358
57.496695
17.128297
51.646146
10.730387
7.742816
13.965022
18.799971
19.069454
27.426633
29.111771
21.041510
28.501769
65.221695
36.042150
31.992946
20.323963
13.298690
33.558183
12.018376
34.258869
31.832024
18.797294
10.903568
20.385344
15.078024
6.649726
36.776831
20.171980
11.222533
11.758502
14.940963
15.215176
9.546076
23.405604
11.279749
42.742721
12.014597
8.731662
13.723104
6.952868
53.226075
20.446842
15.127525
7.464993
8.214647
7.219225
49.954234
14.463529
12.416473
28.712076
14.504897
51.991521
18.185062
8.467779
15.370341
95.857663
17.325538
32.157954
8.566930
49.188818
7.061093
38.681462
17.281721
8.885889
6.292965
30.879903
26.667519
12.289068
8.991548
37.023236
60.068523
9.855032
7.220951
16.454188
45.401204
8.454884
8.454884
36.349457
22.558157
24.790011
13.567219
30.606884
54.297700
34.403348
44.691554
40.130646
9.150735
41.397283
19.310490
7.643290
7.014155
39.547154
24.396156
19.241769
29.734798
6.858021
27.959614
10.083942
11.553567
13.634834
6.729659
6.162371
6.551239
68.191155
7.766051
42.567848
33.513911
19.981360
10.463664
7.494053
7.705864
14.755029
14.476086
62.035274
8.228290
61.860354
33.484643
8.240394
8.778253
17.861119
52.652336
6.956898
26.326129
55.042787
6.470849
28.409748
7.473987
37.781487
6.933541
7.247134
15.891357
44.412028
30.104904
6.408640
7.996452
16.479693
11.962620
11.523300
13.980642
10.403821
28.686245
33.599629
6.608611
6.928435
21.828392
12.295861
18.160721
65.048591
11.146764
34.100868
48.415884
15.697970
8.958511
6.775768
27.758741
39.430965
15.939201
70.173447
6.239363
10.822323
9.179142
9.042817
28.806097
23.808756
18.733705
18.536705
39.786617
8.410312
26.856510
42.547464
14.479708
12.678090
37.246976
23.166356
14.845995
30.239967
12.789415
32.966340
8.732560
8.683093
8.851006
41.221852
12.488377
8.337059
66.761197
7.286691
15.264293
17.006732
11.547163
6.453194
6.298217
6.320506
6.816665
20.928863
27.321068
6.431270
26.559000
8.513516
9.864495
7.910874
8.775583
8.248384
7.149626
8.954104
14.849685
36.012944
37.983218
7.016400
8.358938
10.492729
14.104583
10.076513
31.115757
6.643034
40.312316
8.830728
34.688897
15.977134
7.150780
37.057606
23.607273
8.135776
8.465605
28.908452
6.870035
11.506475
17.939941
6.407120
6.494079
11.131098
60.138381
13.809719
14.944990
23.340266
7.829148
7.073076
23.417187
23.452325
6.480114
6.358397
8.181704
47.697091
34.796169
38.609395
6.945199
36.434953
24.556350
17.607345
11.155246
6.980044
16.307602
17.945217
27.180081
25.526902
15.834259
35.329587
15.089120
39.351801
26.975399
8.676184
9.259815
13.619087
6.779196
6.408043
6.955243
31.456133
12.288424
67.734929
13.199311
11.123042
6.709827
17.649021
15.165449
20.908595
10.784028
52.012006
6.800126
6.234647
32.995931
9.451177
16.938369
9.926667
38.071844
36.705524
6.317113
55.831546
9.210316
11.092563
8.814905
32.298515
20.273685
6.679325
7.949114
53.637155
6.949351
10.940394
26.955193
13.963497
8.960389
33.579094
7.035305
38.262973
10.868195
18.417488
9.841925
7.270498
9.484914
14.393381
7.198857
9.643380
12.839627
9.968978
17.073908
7.477445
21.619369
67.935004
6.304869
12.343013
6.584925
15.253123
31.663696
24.918955
34.534920
34.085668
8.093077
43.811848
39.453917
40.083993
8.131892
20.113967
6.563579
7.346915
8.635041
6.696849
7.224711
24.026125
7.860722
10.025423
9.332928
9.395129
7.807549
19.297523
9.039414
14.859301
9.984886
37.457468
7.105692
6.502830
14.720171
85.714212
6.302684
6.302684
11.700236
7.842699
7.584440
20.024172
16.491107
6.471809
21.747838
24.181056
16.281542
19.678897
36.294600
13.689360
6.202001
10.830236
8.584262
12.503113
25.971321
10.601224
8.662092
6.659824
24.387328
8.031600
24.613764
12.288078
6.732490
24.376854
8.226472
24.703798
9.260257
17.036950
8.551908
39.101412
37.427940
6.608800
18.805235
21.466277
6.219646
8.130134
54.649699
6.871857
9.516626
39.078745
23.190473
25.175496
28.883364
10.531895
8.544491
8.300569
39.071548
12.428128
6.778862
8.244572
49.808312
6.721115
6.469843
7.494032
57.066341
7.925798
28.016154
7.801918
24.194119
9.465142
6.609350
37.470164
27.714467
6.215940
7.996813
14.707258
45.961473
13.157802
17.246498
6.515280
9.289279
52.994042
10.484754
7.796367
50.803179
15.291597
13.892998
96.045393
6.295474
7.943661
7.362771
42.061708
44.099176
23.259176
7.434606
6.375125
7.102736
6.727682
6.483137
19.862752
6.988186
14.873156
32.759229
13.802499
7.831250
13.768771
6.774717
41.549114
20.584430
33.722468
7.674696
10.755467
16.943951
37.297825
41.688176
27.028076
6.915530
7.331107
36.897409
34.344825
12.946499
22.978071
9.307919
32.757320
10.312179
10.349875
7.477294
18.858515
18.260361
6.538136
6.538136
6.382558
7.976650
18.655866
13.998658
7.178441
42.479679
34.307944
6.715491
9.374653
16.117612
21.856933
9.628174
8.749834
7.199529
6.609936
11.524268
6.920062
8.984663
9.409814
27.330829
20.371861
54.949187
31.937620
7.381336
16.678786
12.617556
48.793049
20.039869
7.113403
14.550370
13.666791
9.971986
40.892894
8.121483
8.195533
27.790534
22.458690
6.961228
40.837344
8.665557
8.665557
13.851597
6.566585
22.692660
14.703812
7.645992
14.966951
6.680560
13.163741
47.774996
9.336999
51.096912
11.746797
16.363524
24.390699
15.188224
6.853429
8.885800
31.710570
10.252420
12.970929
8.017356
29.817738
7.293537
6.293003
7.770490
9.951176
9.238777
6.938278
8.333852
18.346944
13.643902
6.046981
8.313338
13.766446
14.613681
9.088555
11.447211
8.236617
9.780876
6.357118
26.217582
6.655533
8.089395
45.002325
9.581219
12.850277
9.500220
7.078253
14.599078
30.428887
32.016942
15.852750
35.137449
17.823140
16.825095
67.799849
6.952778
6.323859
10.952792
22.093431
56.068442
24.521273
28.159064
55.271468
45.443580
21.912625
9.620297
11.746171
29.299607
9.790813
6.784279
14.032009
7.511778
8.921179
6.365034
54.429675
14.528919
54.871739
40.297334
11.027724
17.523184
12.088123
12.715308
12.117801
16.073031
8.086620
11.146316
18.510912
18.117854
35.520327
7.062072
8.002793
7.275076
14.832867
11.258535
11.520462
6.472588
6.439107
6.783481
7.675725
10.073404
10.104799
15.321738
21.946366
57.760664
6.847113
6.656255
9.126191
19.228471
6.634085
36.010713
39.684903
7.961405
9.422300
33.419445
10.338247
17.822140
22.349698
7.641434
60.341607
18.595160
6.390759
17.986720
44.201136
32.972413
7.514240
11.910947
7.155826
6.888343
23.179659
15.813086
13.898982
16.600796
25.655502
21.830843
6.437310
15.059645
7.827052
11.932855
7.061879
6.373502
29.313149
16.664979
6.299658
16.592051
29.139118
14.257629
19.928785
42.600796
11.262345
15.242037
22.660935
9.454348
25.086966
7.409668
12.279840
8.776833
7.902955
65.017681
7.543741
11.230869
16.521224
61.259105
40.034629
9.041893
15.158840
9.685565
6.176773
8.862240
40.279824
24.928351
6.958724
26.700018
13.109983
16.013552
15.917352
37.969206
17.557619
12.606508
115.759043
7.481146
48.441894
25.805094
17.885821
6.576559
63.816432
23.846050
11.275808
20.027129
7.516296
7.611482
42.653942
31.680158
18.316546
17.147427
7.914115
27.026822
8.873395
8.549731
6.942414
12.403570
6.453222
15.580228
36.758679
19.142708
70.320896
39.581875
15.380277
66.574126
15.185975
12.619859
8.595209
6.629861
8.773118
9.718353
26.641663
8.124886
18.182928
71.539599
20.077139
39.896089
6.330611
30.553451
9.656309
67.001725
12.089709
7.551792
124.859811
39.797739
42.017452
13.101305
14.769759
43.353526
11.431599
6.360866
13.628552
30.932738
13.602131
14.634429
12.644728
24.074704
19.740775
7.372843
6.965552
20.639871
33.799889
6.369424
60.250900
6.226473
44.507305
25.317456
7.428097
12.945286
11.117320
27.644209
25.179662
7.311498
28.794753
14.708410
9.354624
16.381650
6.587059
9.101820
10.649221
47.242412
8.934939
17.103182
6.502857
56.437905
18.933532
7.736555
15.214044
7.829375
68.114395
37.760966
12.506713
6.420677
31.601473
10.209738
6.388044
26.397953
14.835276
6.252463
6.417641
8.316382
6.639654
12.736399
13.559982
13.639668
27.596684
35.509760
25.956888
7.655359
14.636954
8.423042
18.952893
8.801577
19.310084
25.954652
9.230418
53.269119
9.516840
18.063311
16.642650
9.099379
16.252612
41.833368
24.605145
20.410887
6.444466
54.726404
11.182249
24.207605
34.433577
23.547612
31.578538
21.330618
42.810329
21.104405
38.814998
45.412866
14.956455
20.597070
113.816702
6.489003
20.980805
27.705454
13.697414
23.384217
7.143605
25.337493
69.159111
14.017140
28.301620
6.568813
24.482362
12.903584
7.494117
6.819379
9.925470
25.134483
7.013622
71.033294
8.079062
15.968653
54.423543
20.239307
7.062603
71.845896
8.145720
26.813161
19.703503
14.241360
23.620202
28.002867
14.452335
7.208283
8.296615
7.188904
6.745164
48.918041
9.961044
8.153757
11.862996
37.715536
14.885607
19.558184
12.751620
34.027563
36.630009
47.655440
44.014179
14.756352
34.397784
13.940292
7.621807
26.770393
6.626993
16.274096
8.106126
9.823998
9.680946
7.852281
7.476219
35.355403
37.297067
6.840255
6.475460
32.098630
9.666623
7.215761
17.833093
128.224525
7.458910
7.479837
10.193899
18.834094
27.620344
6.415945
8.080244
7.746826
41.552696
6.250522
19.682455
101.252193
83.300558
9.279498
14.834980
53.034692
47.522151
19.021307
13.156134
37.717733
39.719648
6.159911
8.034843
7.266315
7.040792
17.239518
24.571372
7.629211
6.224666
13.524034
45.521404
15.738608
38.121062
14.476381
43.435241
33.431913
25.765931
6.644756
43.657350
7.132890
12.973728
32.337475
8.229662
15.858832
7.776489
65.961390
79.291835
11.062445
12.963062
52.431375
39.016851
23.141106
6.889491
35.251686
6.244056
8.213015
28.869429
8.062162
12.192446
7.049931
13.479880
14.355035
9.404892
54.199222
7.016175
52.210105
6.630105
23.530864
9.638994
21.152889
7.165163
8.571530
6.815300
6.571828
11.490787
6.829966
12.639130
7.879930
15.221039
37.156918
6.363315
17.438718
10.478782
30.571499
9.792044
41.826607
30.691648
19.526859
6.635219
7.185068
6.587678
50.839347
13.740024
27.838497
79.051773
7.641893
7.315298
8.779405
15.303455
6.678669
39.831223
12.809668
6.544608
7.791939
28.316810
18.589759
25.315111
14.512651
6.836907
15.033062
7.777216
9.060313
6.759557
10.534352
12.769939
8.222602
36.750478
6.546970
7.826415
6.489692
41.509078
16.213478
9.546253
6.735310
7.918814
11.296561
6.322108
36.977940
7.289409
9.792836
13.112136
6.953386
17.271051
7.082979
10.379188
7.642511
62.384498
7.177120
8.158582
51.145012
39.620823
7.406840
7.021079
7.000180
26.980503
17.370612
6.627913
41.937172
36.771432
21.637660
7.997753
25.022553
8.088905
7.311524
7.932974
40.046016
24.719893
11.117627
8.120666
9.817536
16.751680
41.412634
16.581992
8.027770
7.378464
6.484671
15.262412
39.426963
92.800415
11.013932
43.371745
10.513325
6.896887
6.432140
11.735224
53.779450
43.297792
12.967422
9.510282
7.333211
28.070295
19.716166
6.982322
7.033450
28.764414
55.261131
47.947060
23.050505
19.150055
41.130649
25.116021
12.102770
18.465646
24.894825
64.721927
51.550868
22.889890
56.529298
8.495643
33.530549
6.439271
6.468236
18.092816
11.411095
36.058286
25.120653
42.274722
6.665795
7.985461
21.816980
10.523036
15.975717
32.989461
15.619935
7.966198
18.217423
50.340466
6.588227
7.703464
11.697647
6.206146
6.206146
73.520726
20.996121
12.870519
6.494914
7.489741
7.395990
37.317501
18.401927
41.612097
24.632138
28.869149
12.128481
6.964259
50.971336
40.806487
43.683175
6.613327
22.854457
31.438375
7.443830
10.961217
11.134044
19.487361
6.883295
30.390712
13.512857
15.186142
29.056177
9.886230
34.805343
18.109267
33.836423
33.222164
6.357426
40.474164
17.426985
7.193182
8.519127
10.442381
6.379157
6.302330
42.901094
55.567775
22.847154
6.771567
7.174992
6.390556
60.614666
14.328781
10.217609
6.662962
6.963278
6.559099
7.608122
10.396371
23.499183
9.398971
19.798099
7.030460
18.746694
7.246625
45.759376
6.575315
6.777931
17.823727
9.997010
16.910920
47.002049
19.344604
37.658812
6.645712
7.327639
8.883264
9.121343
14.505247
14.286150
29.254251
43.297664
12.836175
6.605288
8.145633
15.367078
7.510207
7.614534
30.519104
20.082664
9.761438
27.156421
29.540035
7.228489
6.674145
41.805886
47.910438
11.426406
15.792303
6.639562
14.150412
7.129158
18.851274
7.954931
7.387095
6.877961
15.686925
7.498425
7.251099
6.485324
36.347640
30.524971
8.345115
11.558791
7.498991
11.390403
11.202735
61.642437
40.730887
81.511094
8.164650
6.422682
10.201756
22.196264
14.674484
16.709770
6.309183
8.849831
8.572145
6.480871
7.123669
26.197275
21.116991
9.930539
82.229450
17.776764
7.665217
35.933583
7.220140
7.488354
6.281997
10.383112
9.021241
55.575863
8.784278
10.147535
29.157742
13.643029
18.275989
22.300909
13.648332
7.380351
9.707792
22.558784
25.254764
7.850194
22.626135
32.195790
14.482633
17.193121
11.404250
30.139024
49.387560
31.277484
8.443223
6.413653
27.108552
8.576828
34.228026
33.871042
63.250499
61.785487
9.807314
7.345204
6.542810
12.947870
9.890305
70.962169
13.254571
33.436202
17.977602
41.337657
20.531460
15.474953
37.232345
28.403332
16.224471
21.111007
15.229350
9.448432
48.194471
6.971990
20.254587
6.752586
33.399781
27.439784
21.875241
48.181647
61.267930
37.580336
10.171285
16.307140
14.691273
14.459666
41.998589
38.936851
38.284540
42.950052
6.618558
9.036482
17.946204
10.177167
46.274864
10.289693
9.722476
8.260664
17.361711
17.112323
39.800411
12.121005
9.340824
7.459546
56.379749
8.464257
36.234367
6.953956
7.101861
6.087083
14.107837
12.200428
12.766326
44.303480
12.537271
67.260655
8.938108
12.687999
15.773137
7.220763
20.407218
7.715496
40.753607
21.338801
20.705287
10.156354
7.966384
22.049751
8.109418
37.639269
6.180914
6.403333
12.540919
6.817322
7.314475
7.931849
25.282583
35.721334
21.853902
16.259613
26.541900
7.294671
15.597021
6.518436
7.064722
8.906858
10.301500
19.774992
20.363179
9.127707
19.581974
30.631740
12.215337
9.592029
9.592029
30.785066
7.154966
63.931338
26.047538
11.260315
14.193351
9.547328
51.632741
33.526162
8.185542
6.855051
7.870494
6.527438
15.947689
23.832856
7.190044
7.736506
6.372293
9.001609
6.155678
7.397926
7.668550
6.141005
26.058850
45.586344
6.472550
8.702344
14.095174
8.979260
9.702227
18.487220
50.040927
6.628464
7.362462
38.630817
8.918129
31.348335
7.794536
61.514809
40.420567
14.584340
14.030728
53.393040
14.104592
29.295675
43.176058
23.813731
7.203617
32.706029
25.793018
16.989301
7.498670
43.585763
6.811083
12.886102
6.641247
12.278865
8.307656
7.574677
36.707428
9.138275
26.571778
11.788762
13.154836
33.685520
11.432411
42.708007
14.521283
19.837457
11.559045
15.976914
12.628135
10.032000
44.334621
9.001522
18.657728
41.623145
28.125115
6.557858
17.263008
12.869903
26.440379
22.125090
6.960621
7.693440
6.534617
43.024274
25.944511
41.685954
11.720981
7.100069
35.818459
44.182541
31.640309
11.780105
14.048301
15.019796
41.998057
6.186911
9.155680
28.929266
14.129044
6.537801
7.261215
22.451926
51.631488
47.851381
14.769794
11.023378
15.837273
11.009879
6.809684
6.285710
13.380763
45.198905
7.003253
41.760336
7.485107
7.463135
15.665720
44.110704
22.995826
34.450852
12.656022
29.482148
7.629580
34.001302
14.329327
26.615324
49.138847
23.818320
37.245551
11.347608
40.357888
6.303461
48.414529
40.687545
35.385863
11.177016
8.153066
8.731601
6.430497
16.839304
14.545575
6.086800
31.135933
7.230467
8.352493
36.843826
7.272747
6.156793
6.757811
20.963442
18.322494
32.326073
6.374995
17.224044
56.893851
6.438659
8.666628
24.873201
27.678579
63.330270
19.864755
22.363880
12.985188
12.691506
7.704216
11.256891
32.298519
10.470170
18.021167
6.276328
11.131412
36.832791
15.013620
104.973577
10.117256
8.902223
34.420650
9.470947
8.719828
8.499740
25.430707
11.320870
46.129906
47.646123
56.275266
6.347453
7.054419
26.673792
20.509277
6.503125
31.084239
6.749384
7.300668
6.338143
6.387478
27.969456
24.421906
13.387490
6.705839
9.815657
40.639646
34.469781
6.540820
7.738366
19.276378
6.804445
8.744318
9.552489
24.792410
11.517408
8.374503
37.523452
74.127255
8.427354
92.189819
7.189426
19.345799
15.262764
14.750272
15.329882
6.870617
41.787931
31.283070
6.903997
7.569895
41.148664
8.085223
8.909516
7.984500
10.352815
6.499605
8.154928
7.198311
6.141624
14.883642
13.850401
22.926227
18.002449
7.605645
13.879712
33.029678
6.782995
19.030574
14.373869
6.918163
26.453866
19.145894
57.769214
13.560654
18.407863
6.680455
7.212644
30.214743
10.547259
7.335814
17.083606
29.495150
10.160272
19.885003
33.881836
72.641041
7.122215
14.964555
6.613766
13.684661
7.348437
7.693413
10.683659
9.801010
20.978842
7.377589
8.644680
8.774637
8.385617
7.220019
7.579149
26.631845
67.931724
35.462150
6.877000
24.582245
13.277166
48.542165
9.844096
11.232105
7.628657
14.348072
23.547994
13.233194
8.915659
33.320267
32.097848
9.368096
11.076400
34.010698
32.398455
9.410458
8.144270
12.178228
7.593978
28.926698
7.713665
6.440053
11.909713
19.457405
28.326145
19.393365
8.250095
11.953908
23.042769
10.235314
23.883067
6.893763
11.665709
43.488379
6.615411
30.419844
7.447467
9.246211
38.932175
72.083747
48.527583
13.580519
12.787569
29.062725
25.028246
16.479928
50.709900
7.340615
16.704190
57.180022
32.470467
15.326093
19.018042
6.909090
43.553854
15.610814
9.473924
13.681601
28.636283
28.248133
12.130904
17.542798
42.035700
7.816344
15.797009
7.415256
19.521099
6.316112
8.677080
8.844182
46.977857
61.723436
24.675583
6.716211
22.243433
50.299202
24.876250
6.771516
31.232585
24.432020
9.052971
10.097952
7.085363
6.278196
7.431403
31.336840
7.523575
81.079316
7.064827
16.895439
6.664554
45.629261
15.041334
10.305941
8.026039
6.246586
12.656849
6.642138
14.980403
11.925499
25.015500
6.430950
18.870195
16.891312
9.699907
38.278271
10.897580
15.141177
100.713627
6.534216
51.895100
23.147242
23.531141
6.547025
14.457673
11.380787
71.804601
6.227689
14.873292
8.461837
9.768401
39.352762
6.493585
66.964249
11.989569
11.342023
6.444162
15.883529
14.117400
6.712762
13.269677
36.053020
34.848643
16.734287
57.593624
6.510663
30.347857
7.339817
8.348445
16.478009
13.248144
18.355224
7.021740
28.168059
6.516316
10.553196
6.709405
24.751989
6.462386
23.073523
12.636754
15.772413
14.591279
72.092671
18.301331
7.743519
6.702154
22.047890
17.885599
7.619029
11.919831
50.428505
16.598402
6.384462
32.972398
8.657150
7.622974
8.887751
7.299675
6.262162
47.927376
6.958798
6.781163
11.344887
18.906515
25.199757
36.417763
21.108556
9.007471
8.609392
42.604998
51.369993
7.633729
6.450780
66.261625
7.925746
14.665686
7.941899
10.165391
44.892738
21.389298
7.939377
6.660432
36.660227
40.510882
16.468029
9.336864
13.728509
6.978917
31.225216
7.040837
36.158496
31.216189
7.476862
13.166536
12.596923
47.427801
72.675783
42.082575
6.848877
28.554488
47.683782
27.300737
15.861081
9.727153
9.159165
9.968263
8.053685
8.414987
9.766029
9.359033
31.651191
7.050841
64.379389
10.825421
38.708702
10.172259
8.217543
28.970804
6.508349
18.948374
7.094551
10.317348
7.583894
20.012115
54.881602
8.499901
11.082032
7.990488
27.695133
25.372117
23.510258
14.913175
6.968602
6.943121
19.399737
12.477498
6.416761
6.416761
8.895438
21.541936
15.599010
14.762565
6.401802
7.105771
17.251980
11.034939
7.787841
7.685222
42.881984
26.548003
7.519086
29.058890
41.100099
6.523876
6.279437
9.300569
46.520265
8.457515
9.837164
17.833469
7.472997
38.951989
28.779312
9.729124
19.737450
8.938786
25.287389
6.694533
6.792035
29.214808
8.523411
46.061075
39.814765
6.331437
6.312252
37.446177
16.816524
37.303959
9.667424
8.498520
8.758807
43.513510
36.583988
72.506323
11.246848
14.369305
6.967037
34.263298
6.182258
7.216041
7.216041
27.757983
35.606893
6.544922
35.697241
7.216316
11.554179
20.603508
6.976470
37.063655
15.029243
6.947449
6.654423
46.140212
19.758694
31.289652
6.474571
49.018450
20.657923
38.928149
40.522233
9.464561
21.958910
7.931546
10.000911
40.675950
21.050641
8.922778
6.786311
13.079126
26.708934
39.661372
31.233049
90.173133
31.264351
18.396373
6.903189
7.302347
25.561826
7.326634
7.089641
42.194787
21.387551
51.622159
18.673992
13.440711
25.931313
7.390408
13.215229
38.368868
10.303008
59.830291
14.666836
16.760086
14.859665
45.281109
6.698551
23.772150
29.536214
42.679908
6.535875
6.955258
34.589092
6.286328
55.346777
6.747094
9.005604
6.266227
22.152835
8.356424
14.267939
46.736344
33.064895
18.234642
9.098178
52.819581
19.261435
38.259592
41.999043
32.373038
15.199493
13.884168
17.842694
9.656864
27.176653
11.378228
61.660461
7.286608
9.946825
6.795325
10.634589
16.635155
13.912356
60.234057
11.480622
7.469928
6.411287
47.615540
8.280350
10.383830
9.276971
8.959257
53.791528
14.076767
7.818476
45.375397
16.072120
7.486459
12.057323
36.858087
7.485015
25.737541
11.711498
7.047043
25.287513
7.246567
10.153692
17.808847
53.722265
6.226527
18.679230
15.207041
19.786479
18.664503
7.208957
46.582124
7.812362
30.524469
94.205385
6.951882
7.036567
14.054673
7.966580
12.414491
10.314544
7.305912
74.184425
8.740871
6.629550
6.629550
8.995628
44.074250
28.329452
7.171117
7.155481
13.380508
38.697821
35.210817
91.049979
6.479498
55.288286
12.101999
12.324813
6.406104
8.197201
11.401894
6.463624
6.213296
6.499435
6.632620
7.934300
48.971657
8.055838
41.626701
9.657642
8.206654
9.137418
23.929430
7.545499
19.821079
7.691871
34.469484
12.720572
25.236480
8.425590
6.969309
9.942048
24.313823
20.989950
32.454009
18.001250
20.434275
14.628648
6.970385
9.361624
6.625282
37.372220
11.861171
12.082956
6.213217
6.840277
9.839705
6.392361
38.694369
54.458964
42.042567
6.971446
17.705758
22.662999
8.032716
42.292670
26.845033
41.395535
24.392236
7.185295
12.291270
14.353823
15.143749
16.176504
6.377021
20.354998
10.248028
14.221138
27.039283
22.446743
13.480516
13.932690
15.698263
33.227775
41.358844
11.131011
12.526670
41.839169
7.461242
27.389018
26.905478
13.155808
6.724071
14.438086
6.502350
6.683274
6.378611
6.617672
13.453401
45.183526
27.849846
8.759654
7.892773
13.166828
9.227146
23.723685
13.179011
11.205922
6.414335
19.157490
38.492364
40.965439
46.106314
7.081361
14.395253
13.198997
81.250209
6.985517
9.520900
12.247064
13.894702
6.425360
34.684385
6.569411
22.539908
7.256947
43.170620
34.964531
33.412036
8.232079
16.400685
6.336666
9.746872
21.196054
8.564198
24.039276
7.871606
10.723394
24.566246
23.707205
47.465772
8.827820
15.181035
7.245725
6.368080
10.707647
6.394469
7.369768
6.942146
13.941918
32.807490
27.131378
7.483418
73.269087
45.796939
16.004645
24.867851
31.170356
51.702633
10.048205
23.460203
8.707597
7.913748
69.924781
46.986901
13.610150
7.536234
19.751703
48.316063
7.762502
7.762502
29.667710
22.074378
7.774936
8.234819
9.554828
40.537495
10.223907
52.226671
8.561503
6.271068
50.846799
17.643847
41.443052
7.903360
12.034905
14.710380
6.076044
6.076044
71.851666
7.950730
6.611549
22.269684
8.634092
73.001488
6.480816
9.226352
56.244226
6.616383
24.423503
10.176819
9.581496
6.479017
9.113447
6.587478
6.529125
8.381409
7.157833
16.902983
16.983759
14.585477
16.819589
46.980570
7.013074
22.128995
10.216587
10.988612
8.169144
69.155153
6.459753
23.766042
14.133810
46.566367
21.885595
49.804693
16.680441
25.197448
25.827957
37.749290
32.132185
7.783502
6.627342
6.824258
6.623027
13.543143
7.011599
25.392420
12.314879
9.325718
6.982698
7.779516
7.015033
11.809353
6.468369
18.590916
10.262088
7.482163
19.939873
9.691989
7.758287
9.908513
10.207086
7.645650
8.850290
9.456948
13.629458
15.571641
41.493000
60.723792
24.449691
14.398889
6.523103
7.536863
18.988529
17.727017
10.456638
17.746096
15.537180
32.732041
27.106806
41.582461
32.633677
14.463782
59.063415
15.319296
41.392718
8.489328
13.488278
40.863613
7.941484
10.627056
127.954715
16.304414
6.298062
33.267163
7.015033
19.264131
28.768528
33.932373
11.412306
6.557626
8.514804
7.448111
9.758687
22.127224
17.481291
9.790863
11.547980
16.225646
10.522395
6.375782
24.488958
12.834358
7.293798
18.105599
44.392864
7.962998
10.149692
6.805278
39.863606
6.283276
15.376338
20.666214
51.705682
7.888105
55.358783
6.524299
8.327792
8.445946
6.559465
32.462804
14.760309
7.152866
7.178810
49.406990
34.134217
6.730883
6.552124
9.501761
12.014985
11.110771
19.400123
8.607357
6.522079
6.805493
35.004004
9.666841
9.279501
9.517769
9.331748
6.247191
14.199002
11.371327
6.708857
46.352971
58.634971
41.542351
66.218588
13.232450
13.190498
9.331676
34.288851
6.394814
23.447612
8.123961
32.359670
25.006805
43.016663
33.123072
11.172726
24.527295
8.489207
37.510493
12.497124
19.363341
8.019712
20.337623
14.638729
10.298605
9.530952
36.979774
24.923031
6.848469
20.119702
37.741679
15.509632
13.352651
7.055733
8.019229
7.141281
9.119414
17.443267
20.531017
50.096853
68.111260
21.739310
7.465406
8.244437
15.326888
6.739635
24.920695
38.130453
7.692173
57.096260
19.493855
32.926151
6.495537
9.215511
6.439179
29.534033
15.560251
26.953936
38.866007
7.417802
6.643823
35.255439
54.965819
23.755062
6.795631
10.534677
45.396754
56.889949
7.248892
16.038919
11.234945
7.322018
13.314313
7.501139
8.689387
54.589214
7.539217
12.237865
61.354633
6.669620
71.656201
7.572359
7.685744
18.352989
8.188945
20.356250
7.663010
11.480782
9.700200
7.895328
31.996119
10.395513
42.175235
130.296280
12.752257
30.364338
11.341764
35.684411
7.663016
7.209960
9.122064
29.172465
8.603663
8.364062
13.618307
6.505144
8.190224
50.383306
21.155019
43.036870
12.088785
20.991743
18.921618
7.363589
6.978983
88.727684
18.037110
6.310734
7.754929
6.521510
18.448670
16.350528
10.316036
82.557524
21.016730
6.362399
14.666170
7.300436
39.788955
14.609074
8.961235
79.872242
11.587036
38.651141
7.087216
10.883767
8.277585
7.302290
70.401398
9.670425
75.830637
16.745265
46.639731
12.317039
8.015093
7.083587
7.659472
32.087140
6.667247
17.273777
17.870213
16.913800
49.628598
10.709411
6.714778
30.973159
6.572035
11.692757
7.086894
17.539010
14.938708
28.336303
8.396110
8.201434
19.557979
6.583922
6.345695
22.760415
34.228057
6.712379
6.700891
6.551033
10.022863
39.305608
7.186872
8.995928
27.076897
6.270195
55.930419
8.150933
6.412537
21.059713
8.930296
8.802849
6.233172
39.433389
8.855587
6.969479
35.517490
34.426985
15.469583
12.150719
6.498707
40.073919
40.262485
15.524056
8.509325
10.320874
11.215390
7.341867
44.152853
28.740406
29.900322
24.812435
7.796704
24.799806
35.318736
7.164992
29.280310
10.075453
105.354070
55.951530
15.299728
7.468896
10.828355
9.547468
17.113466
9.371874
33.170473
7.286507
6.338805
34.762747
6.437871
12.903297
43.645902
9.643615
6.426636
9.667028
11.287419
39.013431
11.184534
21.107769
8.919894
37.568766
11.026401
17.310068
6.802369
11.916647
30.164010
8.050047
24.336552
6.533756
6.131832
11.978847
33.401019
10.743603
16.120148
19.521244
12.139754
15.982839
55.115980
23.534209
44.812092
8.333017
17.113099
15.646240
6.313745
12.131544
6.612805
10.245783
6.576746
7.069976
29.693761
22.539400
33.696811
47.535988
10.223812
11.659805
49.926729
35.935161
12.826789
6.420375
7.008166
35.222948
7.520419
6.569662
13.123653
48.813572
8.684989
6.522548
27.779983
9.369606
16.562926
27.833927
7.431208
18.107669
6.285093
7.452422
10.520932
7.772425
10.601231
7.138131
26.829409
45.758418
69.588324
7.920147
77.314416
15.553301
15.440330
7.675423
6.981760
18.227084
38.746462
13.795700
44.550174
6.855786
12.490915
8.282847
29.384533
20.489879
6.886432
14.178598
29.006602
18.855034
10.387815
32.215308
23.951352
20.308120
9.839174
16.403510
49.478670
7.507013
7.824413
15.808769
16.591494
6.385482
13.615245
8.544969
7.094941
7.928746
8.706810
11.720235
40.295523
10.537745
6.806236
11.456127
7.127747
6.867347
6.273272
16.850039
9.008773
15.136383
10.028059
7.534394
9.009750
15.230786
24.494598
62.838217
10.050460
26.229626
8.334455
14.351446
9.516522
32.606115
17.460438
33.939969
8.674209
6.401841
23.211798
20.499205
6.521139
25.091465
50.866622
16.804408
20.716175
6.213409
6.970189
6.608168
19.135255
11.222232
6.464790
9.613740
24.491631
8.555525
14.561821
6.226224
9.941002
7.152393
69.513998
7.259244
6.407524
14.304010
36.298406
8.330708
10.413074
34.938484
23.963634
7.413974
8.486740
20.995817
11.307284
26.513435
13.689827
43.675299
7.113078
6.335754
6.448174
19.294947
27.836884
27.187681
9.918358
27.690121
11.225262
14.242776
20.516141
17.286058
6.702190
16.576594
16.249720
7.837172
30.990362
7.111543
41.163229
44.573543
35.418412
6.588813
8.312764
18.570275
10.965198
6.315459
8.145016
6.647398
6.802844
6.648373
42.644273
6.383473
6.383473
48.715212
6.883793
11.147402
6.362594
12.724961
44.080566
56.966108
20.351849
55.442549
6.781059
6.602768
6.309748
8.813563
6.962695
30.604492
6.333739
19.940260
8.367253
6.554405
6.767223
8.666154
10.142835
6.501301
7.406314
8.428157
26.403595
7.482567
6.697937
16.720196
16.258587
7.323503
7.120611
7.969777
38.856187
19.413560
15.154129
7.427067
13.906046
15.465818
14.988560
14.324890
12.889007
7.080561
6.806711
6.788407
32.242502
40.664487
11.909308
8.598013
7.999357
15.451599
6.732135
32.234338
35.887527
23.994808
14.186071
8.869933
18.384010
6.571273
11.620575
7.144471
10.226664
13.296734
15.778567
8.010616
24.996340
9.036307
38.174610
10.797545
10.700396
18.337485
34.667929
6.440030
23.957504
11.207592
23.534024
6.512014
9.791591
6.567530
66.991001
8.372232
6.571953
20.887235
29.669785
6.980025
8.753683
14.586424
6.159307
8.915077
9.141206
23.774820
37.355464
36.426731
18.111387
14.269114
38.165883
19.196890
22.167940
12.936771
49.860740
7.110388
65.465761
21.675054
41.281190
14.462192
6.925393
33.813755
14.784852
10.554797
10.508681
13.395124
6.246649
6.246649
38.434234
15.864391
8.037896
6.425245
7.397302
6.935444
43.257423
10.970867
7.849036
6.459961
14.895762
11.491195
43.818281
13.497452
7.105922
11.110140
6.849234
30.166450
9.184697
9.967467
47.651390
7.351333
7.031312
7.785640
7.953546
9.975062
9.562659
48.909985
30.324431
26.616668
24.392422
37.515204
17.782332
6.573021
6.836647
7.483719
15.301611
18.882937
9.152385
6.740002
10.423241
6.695591
17.304118
22.534831
52.975369
7.968177
7.990904
8.294350
6.190444
28.199634
22.019180
12.431276
19.435941
19.219010
8.076796
7.277735
25.769890
54.546819
31.703781
77.128862
29.129365
16.173588
10.534501
6.272181
32.986469
9.254398
11.216489
34.973432
57.481775
7.413333
32.335653
7.341871
9.143955
41.928209
18.383767
6.117374
7.857950
71.230516
6.396786
11.567983
10.692708
9.115321
42.488519
6.696195
36.108096
11.946281
6.560535
22.634843
78.805886
43.867716
10.641554
9.413569
48.591162
18.336992
7.961609
27.845298
9.151851
15.345997
8.096181
6.848841
6.848841
7.071896
65.998625
18.556527
21.902162
7.109829
6.436481
9.465262
17.829738
11.144694
6.703034
62.290516
6.523674
52.406085
9.032216
6.964565
34.532841
14.908959
9.873703
10.759836
11.761319
21.107286
7.251221
28.479662
39.661144
29.593999
10.952444
6.684599
14.192802
63.778540
8.877429
8.608792
24.767003
10.199455
40.204825
6.675842
53.216685
22.107703
9.802950
44.849510
21.596036
7.975518
17.977093
6.990560
8.012866
42.643883
30.196129
36.048657
12.832721
7.259431
7.435067
11.654992
8.373854
47.540362
6.670127
15.388445
7.020570
6.888707
52.427670
7.290036
12.728420
58.901255
7.072297
25.044891
6.414417
8.572974
43.875519
50.933534
16.041554
38.291284
34.320121
10.470920
12.441823
6.302579
34.976815
7.269573
16.490661
9.711438
7.954468
8.226047
6.525740
35.876026
9.811921
7.244902
11.026351
10.870342
24.399267
54.049451
10.740522
13.641354
13.871068
7.833239
9.220013
33.733265
8.457965
16.325646
6.552751
10.620487
8.145172
10.454237
8.549319
7.226643
15.856914
11.451236
18.811119
6.511354
6.390439
7.735413
11.094290
17.265271
31.245970
10.713658
7.211430
74.528972
20.721127
13.190806
18.334627
19.983786
7.825704
7.365450
7.945012
29.412190
31.162406
10.018334
8.857507
79.217558
7.965494
11.913202
14.227807
8.920963
6.340460
6.997548
47.769952
10.362217
15.241619
24.570803
10.306534
6.852500
7.226774
10.238574
15.469511
26.149036
10.072285
35.925614
24.969608
10.511105
8.599162
9.365531
12.095778
11.618821
25.786386
41.510499
10.764915
14.031954
6.974067
32.264170
20.934503
10.736693
52.463610
6.583913
8.140654
6.808454
10.935093
34.410638
35.567432
40.448515
37.846974
7.252425
32.846286
8.267069
32.067541
8.688337
41.091582
16.420973
8.193481
7.403603
70.186472
25.518388
53.597944
7.308573
6.526909
6.268832
12.263873
29.302918
11.134355
20.735636
44.866114
17.404050
54.867804
7.160021
41.059812
40.741153
14.160702
7.396083
7.910752
15.318037
9.276811
6.748585
6.498973
6.457883
6.849009
6.425864
36.125482
54.455799
14.702885
29.266101
18.309086
25.897153
9.164144
17.824780
6.754995
10.619025
6.922429
25.553482
24.711442
26.024090
34.375240
14.047711
42.819705
21.007049
10.559218
19.644414
8.191557
30.801775
7.218830
23.782998
15.976509
6.857763
37.806260
39.108773
43.314632
45.150061
6.258266
65.448580
7.953479
44.921047
7.561099
15.169611
42.147024
8.327017
7.230197
8.509306
10.346142
6.513535
25.652094
43.318285
6.536581
41.706899
7.755273
66.014142
16.722711
9.050047
11.822669
41.680878
22.614369
6.805285
6.929035
8.581128
10.490807
29.486936
6.337677
8.363367
8.055707
65.294171
19.353163
21.944997
25.383904
7.188102
27.943604
25.516828
35.612253
11.901428
15.275595
9.117505
6.683708
6.944168
31.285724
18.473423
17.730118
11.059494
7.416193
10.813452
13.756592
16.370831
7.886863
6.979450
12.502355
6.973105
14.224621
6.383224
9.951085
24.142824
22.664007
53.264125
25.747110
7.414207
7.423647
11.168360
44.362047
12.036578
31.478455
7.014206
6.671860
34.924903
58.309324
25.529082
31.630593
39.195985
9.863989
6.504690
55.541894
47.001538
8.686756
7.003978
58.550387
15.454703
6.285571
11.286424
52.487568
91.989903
37.939531
19.525320
6.943306
28.607907
29.666240
6.570614
6.272553
14.678316
9.892511
6.279066
20.985748
8.513472
15.608527
39.900367
8.805231
7.287763
9.378291
41.567747
32.707617
14.816504
17.689924
63.137959
7.642359
23.299128
19.112894
7.107873
8.345772
6.283818
41.883397
8.940593
10.043733
43.436572
8.853253
19.672299
25.239916
7.340259
7.299802
32.484611
6.766629
15.872969
21.804278
6.959279
49.395793
26.888620
16.937980
9.396530
9.831709
49.761160
13.447162
6.735898
16.421085
10.967050
47.306439
36.122192
7.162247
7.207280
24.608461
12.839365
39.068128
73.492502
11.117662
33.296555
38.460671
7.447137
6.789159
31.599859
47.080465
37.337125
38.968575
43.912431
87.128802
14.547532
14.794688
10.284433
6.996036
14.211710
40.432625
7.846437
19.398273
12.822642
34.238169
7.083466
6.931961
17.194536
7.447964
7.729936
14.286931
6.697689
24.098303
11.818788
28.209734
14.174654
10.584634
9.311296
17.662999
6.204335
9.940619
7.236694
6.693281
9.347111
7.422402
21.849285
8.020130
48.359137
24.359302
23.635326
8.503419
24.969144
31.041144
52.338188
12.156045
7.026797
51.703245
6.354475
55.553331
7.734307
18.103122
41.359738
13.340783
22.766899
13.037727
11.237611
6.364897
6.679717
28.652763
9.440330
12.362686
29.590634
33.273691
7.916693
22.810453
17.719842
6.393216
6.258896
29.541372
21.781322
16.040968
21.883419
9.214221
16.378544
8.744246
10.258062
10.130786
61.373612
9.246664
11.517457
11.960619
32.563117
24.541850
6.541008
9.701167
16.771003
24.219549
10.819812
7.079884
11.355985
33.022974
9.525074
8.578470
20.084234
19.844833
6.663858
7.385832
8.022120
13.244388
23.072296
7.953299
37.398763
26.857204
13.213039
10.114594
40.162328
24.127206
6.853375
16.152689
19.243031
6.417367
7.627890
21.229364
9.123758
9.346821
15.715065
42.478668
7.077999
18.093631
9.785798
20.087156
30.881475
60.397516
14.818453
6.443499
8.915399
7.490816
9.508794
8.290057
6.437325
6.794677
13.431125
7.488904
17.204185
32.378536
14.710431
34.414152
20.785940
57.787223
11.055746
11.516572
7.276388
21.957360
13.169166
7.176088
23.615966
37.971138
16.132043
40.419419
26.984017
10.591506
67.826131
36.093760
35.670722
6.804117
17.380382
7.769685
9.371869
29.881260
8.701623
13.282942
14.625805
40.119984
55.124758
6.426804
7.954874
20.147363
7.133698
12.574767
7.088158
23.339032
7.736619
41.044959
43.662538
11.236697
28.637126
7.271195
18.077055
31.656235
17.913967
44.081092
7.760053
7.725404
12.231981
24.919745
51.645263
7.866371
44.232796
30.441105
7.629958
38.127635
41.927764
6.429434
17.641973
40.519252
18.506160
10.839677
6.185868
40.178169
6.576717
15.613576
8.598244
32.685496
6.358953
13.991110
12.052120
89.633500
60.202311
84.052217
15.542434
6.884622
6.801897
46.657311
24.669837
39.574246
22.731155
9.020687
9.436498
32.365061
6.882044
42.087620
12.581927
13.552678
64.022559
49.811245
7.678970
15.889080
58.945653
40.723320
12.249387
44.532610
14.952046
23.050929
17.288197
23.303023
7.508293
37.821174
45.838239
10.960203
9.675559
21.625662
28.066943
9.027895
8.225005
7.820403
8.463221
50.870103
33.431663
99.748458
41.169874
7.077663
8.106890
44.907502
7.332524
7.409502
6.383848
7.001951
10.076184
20.063538
12.751193
7.347691
9.022867
11.652759
16.842216
12.848580
11.972340
8.123977
14.053423
16.858775
55.345719
12.059742
12.193996
10.788467
43.763445
13.877642
8.107946
17.490360
34.309745
6.546648
7.359021
7.096146
39.321762
61.570291
14.645194
24.153273
7.121324
27.586931
19.126337
14.186552
9.268313
45.691437
7.660437
6.553866
7.980622
8.170933
6.943067
15.250626
7.671968
7.974027
62.602145
7.461033
12.773958
23.926289
23.397926
18.305581
11.540418
7.325647
8.850862
7.783831
7.974261
7.271737
11.854157
6.818651
19.114607
7.730555
13.243388
34.117313
7.363489
8.762894
9.768821
12.446039
8.577902
24.365281
12.990562
7.218773
36.060904
10.622465
8.397372
18.381703
7.621922
28.702959
39.700261
7.163530
6.996158
64.046513
7.164780
29.597883
7.262345
13.555831
8.115876
6.729236
6.899505
6.646200
6.363019
24.136543
23.092554
15.113496
10.956023
35.331242
12.387665
17.484646
45.799314
25.796765
41.830436
9.373799
25.676836
14.588835
28.351515
52.199737
21.456932
6.835209
6.863698
7.344309
23.192767
73.873028
16.002138
43.225548
25.009953
40.536441
40.669979
44.233273
8.967821
18.625418
7.275402
7.558352
6.705162
10.679407
17.625280
6.525019
39.872676
10.024326
45.462628
16.172052
7.514518
9.410279
13.090949
8.137699
60.646564
12.283458
7.587357
31.726625
36.282155
6.768713
9.495971
22.109908
6.806155
20.641517
6.439159
7.670466
37.355228
40.535263
7.064921
6.381231
7.705617
13.153802
33.176512
6.551067
64.700301
8.162575
7.430243
7.447055
35.600906
16.929007
35.922140
10.465509
16.773255
13.682335
38.351380
7.252394
14.779908
26.746629
115.186799
15.393474
13.284395
18.691481
6.424529
16.272044
8.004820
8.051799
10.287181
11.334091
17.391471
8.436190
41.907208
10.405211
6.226326
32.662508
16.801049
6.886660
12.990523
19.296445
11.093404
24.510068
117.877048
22.244075
60.206194
17.646582
9.750793
56.669782
6.478490
34.549707
41.840927
24.161724
7.826357
18.517212
19.252479
49.724904
38.222432
6.319765
8.030797
40.563848
21.641285
7.017700
9.312265
6.575039
6.689163
13.944188
20.715277
31.504513
38.160513
27.690954
10.113542
14.951318
15.668978
15.595719
28.215687
26.431913
8.637195
14.043088
29.942171
67.644778
37.005246
14.912016
13.764810
7.876940
40.527496
53.480061
34.958516
13.952701
8.651794
15.846287
12.719176
11.922749
34.470808
7.420637
37.826956
25.466606
19.931992
8.312159
10.536747
8.976842
16.702116
11.977005
33.582136
48.954463
6.534230
18.626869
33.469196
15.622866
17.605977
9.251914
38.751844
16.983717
6.331914
7.218208
8.086719
36.480891
17.021480
20.039687
6.746941
6.887613
9.492276
7.224158
13.725669
6.506833
36.303476
19.000863
33.532537
20.063588
56.763713
9.029908
12.282069
14.082400
6.469967
18.659032
51.195194
29.515330
8.718394
36.743698
22.546621
22.756774
7.646851
37.070615
13.091733
13.047311
12.712095
10.756882
9.947925
9.264849
9.204706
22.088876
38.341526
29.842402
11.786186
9.818710
21.747545
39.616564
7.036610
30.436332
48.690792
67.175000
7.597769
7.873490
9.625773
6.856026
19.678561
15.694085
22.946516
6.866166
16.530482
6.690080
7.413528
24.846121
38.609757
19.830658
31.311884
20.820599
29.129098
6.818741
12.783604
32.614214
17.691612
31.828907
7.066357
7.359091
48.198019
13.411653
11.675690
27.214472
29.806921
42.253157
27.966641
10.103411
27.818358
19.785894
14.143381
50.123811
12.154888
38.140586
7.832837
7.235478
24.633416
7.188569
23.090899
14.422204
7.768728
15.473384
12.932255
26.379158
6.888930
12.469582
15.595630
7.017908
10.642414
12.115776
11.867977
61.678119
12.298772
7.208837
29.959219
15.753363
33.114953
37.041109
8.410432
6.388797
11.460169
44.459477
9.584306
7.760877
6.388329
9.135390
16.043036
62.981032
16.184826
6.218784
17.966250
6.699173
19.222547
9.965903
46.113918
6.308672
6.813034
8.623602
16.053691
6.952471
28.064035
22.943157
33.975502
6.925349
26.054156
39.612425
6.978262
13.213435
79.715207
15.555685
14.320940
10.254547
54.388637
11.463086
6.529716
7.700486
42.610131
12.045952
43.544099
49.475516
6.892088
6.195629
14.032497
8.727240
45.494312
33.511594
7.443401
7.887607
33.997487
6.444259
39.551688
47.594624
6.922463
6.920983
17.859283
53.032964
6.514908
16.784223
47.071494
28.011493
7.565719
9.674762
7.468557
7.313174
29.870152
7.528861
15.642789
14.405440
20.303928
14.940668
22.413128
6.972883
86.684583
8.373670
7.841876
10.999914
15.364080
13.817970
45.320787
7.627370
31.866948
30.509069
21.481228
6.875213
36.540199
14.432471
7.316962
10.555121
39.298954
29.276885
13.912384
36.279295
9.080355
27.923393
7.861257
12.568733
21.586719
15.774094
28.599712
27.691923
33.769459
77.735952
96.710842
14.786812
40.894997
42.122354
50.474526
7.349141
9.471792
6.759873
6.500732
6.513520
11.358165
32.218317
13.676862
12.284314
6.701775
66.666891
6.815197
13.759040
33.138351
6.537951
41.119859
15.258319
19.714880
8.095712
47.050136
6.516833
24.353712
20.229089
22.372294
31.751639
42.593140
30.786427
28.356791
6.732565
31.491405
8.088189
17.439464
22.078520
34.500391
13.153878
6.404108
16.462152
7.837194
16.384098
8.190781
8.162376
42.111379
47.319381
6.508175
31.093024
6.549793
60.723967
67.611037
9.278441
35.453092
12.825297
28.626558
7.353269
25.306701
10.903016
21.231459
11.138429
6.919015
11.259122
9.003588
24.661036
8.283935
8.477640
13.405651
8.817465
22.845095
11.918776
27.554318
25.913003
11.626379
41.662228
6.725151
8.676094
12.233464
10.283550
25.085215
6.270592
6.607803
15.478858
7.867896
32.330887
15.311119
7.062149
8.495535
7.344511
7.006621
14.754403
7.180838
6.561855
7.456498
7.211494
44.785195
6.746918
21.223832
6.595705
8.701886
18.439610
10.314283
22.434074
7.482581
21.768634
19.567513
6.746324
31.688937
14.268887
42.243930
15.492287
32.893139
29.478410
73.292465
9.603109
13.118162
7.051702
7.561173
6.125525
8.415196
12.430851
28.960528
31.286681
46.927467
9.816690
7.078429
20.163462
10.542893
8.661191
21.358284
42.964417
47.704087
32.071756
6.739194
7.605822
12.149014
6.524743
7.296007
8.659844
7.436131
11.673463
13.500804
11.609621
7.071968
6.439682
35.178366
8.977706
6.326814
19.936819
18.238283
6.537708
41.446638
10.594312
11.817958
6.347899
6.977446
26.625403
6.727460
15.734694
9.152040
56.593010
7.136955
20.180118
27.359085
17.193546
45.348075
6.754718
35.367537
7.161597
6.430482
6.332741
11.128158
38.926417
7.571152
6.280567
15.350292
13.110524
11.112092
14.007821
14.585388
6.947086
38.179402
9.489222
48.369518
8.619902
20.194583
66.721734
6.632229
7.723106
8.302168
6.835746
48.138457
28.925470
15.158990
6.129368
43.874246
16.460250
7.224120
15.863284
8.790382
43.809531
7.774865
15.342561
9.860946
49.596593
6.840537
6.740769
6.709034
6.314899
30.677763
8.564244
48.562192
34.085684
32.586435
6.431874
6.326381
6.878030
18.587430
46.657200
7.129037
7.096215
27.283613
6.951432
43.527640
7.868856
6.859538
7.218596
15.964695
10.433509
29.758098
84.938719
8.057987
42.330764
37.436290
24.414714
9.778517
38.523739
7.217936
7.226784
6.842212
7.618306
6.475951
10.002288
44.320811
13.646157
8.870901
6.825011
9.923662
17.300731
48.245261
43.813570
16.561360
7.304330
16.635317
19.424805
18.600866
18.222223
6.865319
43.711124
47.742433
34.846106
8.980442
8.192980
19.420876
34.057590
12.739020
8.720093
8.637422
11.392555
39.905745
8.018066
8.105593
36.241681
8.871444
22.795782
12.845338
51.491456
13.560961
9.854642
15.557305
11.294277
8.116623
39.523262
7.868741
21.264520
6.767711
6.108458
122.362128
33.392096
27.762371
6.947871
9.106405
13.066206
7.338028
11.141814
68.774896
24.376892
14.104531
23.064210
37.358307
21.272324
13.357825
12.651772
43.560964
7.415158
6.213506
7.860728
9.835056
12.496522
11.137629
9.755768
6.780250
6.567201
6.261956
6.549456
6.845917
8.409169
20.585212
10.584477
35.062931
7.119366
36.104354
54.895035
13.777840
31.581818
20.405133
9.878953
7.103036
45.147533
17.977591
6.680031
7.533252
13.844105
17.934696
19.655064
11.078211
33.738092
14.005196
28.681867
43.334865
8.634353
16.634977
21.123784
35.439189
16.391348
71.673364
13.182698
34.969499
30.653098
19.700809
11.960247
47.977570
8.263291
6.578746
20.315604
11.638315
7.160528
22.958781
56.259630
6.752992
33.714359
8.812930
9.162205
48.356279
10.817990
10.734501
6.330697
105.985998
10.860822
13.389042
8.287062
89.791746
17.312562
6.794784
6.654028
50.759365
22.188842
36.543412
12.318100
18.877160
47.542087
6.704035
42.392050
13.788000
60.068134
8.229262
7.995796
8.874901
24.407312
39.878199
7.393984
11.462366
6.271678
12.294456
51.384608
11.227120
31.453702
42.100953
33.689532
16.437535
29.620610
11.464808
20.758255
7.848976
6.332011
36.959652
14.831743
30.946838
15.826799
6.256193
23.539785
7.912625
14.793334
14.543724
22.735612
16.637762
29.255854
7.008608
9.884118
14.470742
13.248019
6.900975
16.910041
14.584402
6.547137
18.378253
6.514432
36.874482
63.277325
66.657902
6.659009
27.880965
7.651102
8.595835
7.345539
61.844311
8.612989
6.797183
6.927690
7.085725
8.766066
22.432888
33.126444
26.172810
25.520928
26.402060
6.460035
18.124101
12.619816
11.817539
9.605274
9.625167
8.788162
28.485214
25.865535
45.508901
8.598106
60.100539
38.278753
23.395842
8.971228
8.811613
9.839627
44.218643
24.563022
9.165017
95.926200
18.548152
8.839366
12.633812
8.210613
11.142633
6.377010
10.832329
27.581430
56.834226
12.929397
14.302422
25.573111
13.011152
11.335795
7.369218
40.836178
22.178285
28.696005
6.443471
11.262978
11.901893
36.372722
6.407857
29.500872
13.671080
19.541645
7.889549
9.362827
7.497154
7.750804
56.290511
27.418182
16.075827
7.499296
10.132078
34.214905
53.087900
55.514220
19.361337
7.453488
6.513674
23.662540
37.320858
14.869629
13.659858
16.058790
65.159003
15.350710
6.455988
7.209505
27.732258
7.742820
8.795189
60.694362
11.710487
32.358581
9.255478
11.920812
7.403148
94.579578
17.628925
16.787823
7.278261
27.406502
17.295728
21.007267
10.979537
24.710924
6.777424
6.673427
12.988112
6.527696
14.080044
11.700341
33.611159
10.725056
7.815734
9.096672
6.482708
8.263003
27.666629
74.583714
13.728565
8.194244
7.202458
9.417661
39.551642
7.249782
41.323926
13.245980
19.080308
22.783141
7.040416
6.735123
7.976480
6.217605
17.281844
54.894271
21.478059
41.986975
22.878743
14.763843
31.114551
17.807242
6.898861
37.744314
7.078501
26.135151
42.123333
18.034965
7.079454
7.548302
6.575516
31.812677
18.596073
6.754761
13.362918
7.203901
9.937646
9.740982
12.626143
18.303240
9.408564
13.366276
7.821103
6.294351
32.030214
16.546357
21.787542
37.615617
17.415311
12.584760
6.675416
28.423412
6.237159
10.893972
63.793598
23.041546
7.548673
18.740220
31.742994
46.808094
9.120743
13.220290
66.569247
6.270066
7.938639
7.379578
29.154127
19.875285
55.606751
37.584097
7.043689
6.698702
62.376183
9.928399
53.098274
23.534572
16.874195
10.227605
44.356837
49.270874
9.556864
53.741095
11.633242
8.947447
38.308501
6.616240
16.248754
11.233416
16.015091
7.333537
9.345240
7.783999
10.916063
7.862385
46.835235
7.045883
46.292021
6.347234
7.316047
32.506693
19.663195
26.581623
11.603572
58.896901
11.825562
8.452299
10.001925
24.409571
20.878534
14.094755
11.262500
9.624004
22.135366
52.779571
11.976298
9.317515
19.392251
29.305672
12.697261
12.165776
20.207025
7.138411
6.460278
10.941733
9.869645
24.376119
6.806437
20.850618
6.306240
8.621527
15.130102
6.711822
14.020160
21.151265
7.947418
48.080674
38.121665
10.874501
11.740599
9.418000
15.898720
10.790439
8.335057
6.724439
46.663761
12.821849
6.676053
6.750691
6.475631
13.323221
25.769783
6.572122
7.111653
8.228584
20.586094
59.020081
6.356697
6.562971
13.348961
17.595435
11.971691
8.992599
17.371874
11.071909
31.119291
8.297195
9.128305
21.882867
26.930985
23.926655
18.755715
31.279467
14.726452
7.438929
7.295765
25.291535
25.928200
19.442383
16.072287
10.896757
6.985805
9.691490
35.892460
21.529305
12.679953
32.955601
7.832910
13.965289
46.605483
28.222014
10.632999
6.573025
7.022423
13.662453
7.438736
27.513122
6.064016
16.198894
7.716274
38.774231
18.724237
7.364875
6.359851
30.124346
6.802259
6.912883
36.623660
10.542250
7.422466
16.665924
46.602405
17.083550
46.015370
34.181002
24.795017
12.457838
13.890046
7.892080
20.705122
32.941341
35.887926
7.296431
8.674542
12.213396
53.207418
13.650945
38.413144
21.277428
11.254967
6.518025
8.602005
10.736369
8.768951
9.532495
6.624361
6.624361
6.911064
6.575380
6.783783
18.183586
11.809437
14.631397
7.175098
17.586447
13.426925
8.107187
41.890789
66.117533
8.384384
58.197925
8.235905
94.861099
17.038973
7.201480
47.798311
8.744711
7.330790
15.990763
7.364675
7.200708
29.814050
7.410302
71.461838
9.946822
7.954261
52.181425
26.198599
20.048369
7.200321
17.933356
27.016714
7.075117
15.422504
44.458708
41.564824
6.736759
9.225076
21.479772
11.664726
13.425810
43.931700
39.865440
6.356024
8.187806
6.191429
7.010009
11.932410
20.098303
32.618871
8.219490
23.383694
26.018375
23.481415
17.398003
6.861802
11.439761
10.188518
18.165567
13.660819
10.837466
18.008827
26.462402
6.606367
8.543696
182.341932
10.350052
6.811995
35.011241
21.221174
14.117116
7.041967
9.379787
9.704851
8.028476
8.154971
60.792238
6.693349
15.115687
18.495009
50.076569
19.019866
32.757606
7.593819
6.786246
8.879726
7.659885
8.304846
7.175433
12.688661
11.341242
6.505733
37.545962
12.639499
24.904111
15.196180
47.026048
92.629813
38.348452
19.404376
15.961430
19.685703
6.430308
23.053476
7.156281
6.351043
8.442566
6.519422
20.550024
9.914614
9.829791
30.095143
8.908196
8.348104
10.935447
28.432423
17.683491
13.136686
18.523483
7.911864
10.144770
42.674838
14.997057
20.593040
8.338875
34.954235
6.648367
37.598733
42.739726
14.769861
7.880180
6.422144
16.949349
7.169097
6.668943
62.033255
6.919274
11.339610
32.959705
37.988945
10.558582
45.398998
28.426070
12.957688
8.092254
6.826528
7.141435
38.617048
25.600795
13.982939
6.904421
8.199729
42.428221
22.261777
6.897259
37.458150
33.190293
14.025047
8.179291
17.789599
37.728998
7.099100
75.417430
27.663160
30.121436
6.784130
10.202373
19.533576
7.034569
23.235171
6.513048
30.305386
12.488874
6.185434
23.734289
6.991209
44.337645
8.239653
16.230671
9.876077
28.457332
46.427526
8.082910
41.784474
7.328677
39.477062
8.420034
53.443164
38.799361
7.694895
10.797746
17.363138
8.726914
13.757325
58.874853
6.437155
9.369851
7.394687
31.421244
30.602309
11.188206
31.594555
8.049657
10.763205
10.184983
7.255461
32.020520
47.161355
6.849160
27.123603
7.704080
33.251004
11.897789
16.601935
63.230828
7.080199
8.378016
79.058973
7.349618
30.397757
6.826311
40.076777
7.561910
12.940567
7.365284
8.488647
12.483581
7.013185
49.975134
6.360477
6.360477
12.926398
23.408324
23.132412
46.738273
60.244815
42.440920
8.375458
13.369358
21.464566
6.271789
7.837092
6.534711
14.868556
7.442489
8.463889
10.569331
8.158799
57.111820
20.882128
8.863371
14.530963
6.346203
7.538146
8.931848
40.507285
14.690965
11.812256
33.187375
9.479724
20.227221
35.410646
9.768842
20.621162
12.701402
6.966239
6.211846
17.071012
13.119696
37.126614
31.937820
13.836575
48.903987
20.311826
6.800644
36.212421
8.872595
20.906996
30.467083
9.312726
16.811420
12.250553
7.734390
6.161704
18.772478
6.627625
19.698684
54.930724
25.495301
11.589801
16.031731
55.075179
32.699514
37.991241
36.619588
7.828329
6.783222
7.975184
48.112437
6.737957
13.213382
31.000077
7.884348
11.382030
16.631521
11.824867
50.493151
6.991419
36.246928
39.181299
11.117896
6.309470
6.913813
7.950098
31.435432
7.741699
13.084819
8.949328
7.471583
6.445248
16.314563
6.935555
6.511988
7.234874
20.767872
76.332380
19.898118
7.668946
11.174010
11.324550
15.930738
26.221759
46.325735
8.089543
6.589445
13.498239
6.467804
29.390861
9.776320
26.477153
6.508100
7.375418
8.686784
7.346333
50.639385
37.525635
17.666137
22.866154
10.604937
22.379256
8.103369
26.048841
22.002963
28.801472
23.613542
9.806536
10.919650
9.313833
10.440771
8.975721
14.283078
14.687951
35.458035
35.558436
8.365284
21.315032
10.103974
8.318399
8.294022
6.271820
9.844302
6.966875
12.900090
37.285543
8.067776
45.824870
14.700456
6.536405
43.563223
10.253871
24.612598
31.439514
14.483352
6.236367
13.371388
13.945367
17.367320
9.858907
38.070469
10.986347
38.993517
11.517867
42.047966
7.210930
34.512069
8.497435
21.147478
6.245815
51.740830
13.851349
11.295661
121.453513
36.399909
6.562801
8.029648
29.747831
8.984543
6.494718
25.430860
8.624656
44.254572
10.183822
19.691211
8.483952
52.203883
6.961664
43.962880
14.835619
25.663394
55.617344
52.385610
6.622609
7.725939
7.766914
12.773720
8.798238
43.806110
6.992965
16.986449
13.392706
7.207444
64.176647
44.510225
9.586178
7.935302
7.263766
7.263766
23.622945
20.141875
6.551405
9.731884
28.218100
8.887529
20.690001
15.898006
7.107035
11.530351
8.059788
35.269138
20.082682
39.880280
22.220063
6.696158
7.165170
6.394603
27.490044
9.641520
16.438984
67.295663
28.180171
12.416157
28.013362
7.240803
6.544281
7.591019
16.681931
12.175543
8.322009
7.799980
17.217876
8.895330
7.644636
6.131902
13.218153
14.563563
6.746101
7.602801
10.058887
35.297433
12.004451
6.963309
14.585051
6.831981
12.688818
29.014280
15.832572
15.399750
36.222871
29.243850
37.827025
9.820992
12.991724
6.267543
67.997494
9.990173
51.344262
10.167879
12.245920
6.367941
42.339032
13.560056
11.797893
31.807842
7.696263
15.633212
6.581526
6.468412
12.743427
7.953222
14.386543
18.771977
7.404527
7.366781
6.409673
32.404811
11.027505
9.386585
13.282573
13.710440
15.491239
31.990606
63.181981
11.882038
7.949729
12.237323
20.362732
20.340209
26.505419
24.299695
12.181783
18.159691
37.302243
25.609133
6.346866
6.341547
7.839414
53.215287
21.974253
8.374846
6.948769
21.121724
7.279080
6.525628
17.593394
30.295254
6.465172
15.524830
6.765375
6.983474
15.573271
6.401118
8.038562
6.823781
6.829498
7.894966
7.992179
6.197466
6.782248
9.891262
11.152315
7.314681
12.116436
7.579760
36.853511
11.373777
6.767049
36.114296
8.157427
35.931550
10.986930
24.822843
6.314340
41.727080
6.321550
10.680233
28.200015
8.093140
12.149045
7.388888
6.581573
13.561300
9.142710
40.597352
24.326625
48.742961
14.871989
40.979211
14.265387
15.875668
8.227759
19.686599
6.439043
11.153597
6.805781
27.026760
19.758978
11.893952
6.830659
10.346561
13.672499
40.927280
18.416937
25.558713
7.863860
36.067669
41.920422
67.229271
6.621248
7.747226
17.818421
19.156576
6.862186
10.917676
49.388346
7.102242
37.386006
14.317278
7.549520
8.506841
10.557083
16.321161
39.290810
36.679757
12.652682
31.322150
6.592348
11.922499
9.295250
6.362281
33.995026
42.760693
6.296759
22.304188
7.475367
6.494696
8.178085
18.944161
10.599296
6.403967
7.982938
9.237929
11.896172
23.654550
9.065771
17.065694
8.305433
44.905284
7.517574
8.678253
6.738175
46.405035
12.071506
8.661146
48.468318
9.123408
16.581979
7.920542
16.275959
7.564514
28.915106
23.981577
13.189572
66.167881
90.816418
11.241200
8.486606
24.832837
7.849000
69.421296
37.551129
33.945439
22.440107
34.256398
11.679504
27.813311
32.919637
14.450216
43.913949
33.833956
53.511679
8.580913
18.250315
41.524916
78.029255
18.556851
6.728251
32.252724
90.469567
10.532625
16.834323
29.188468
23.189948
8.365645
8.347721
37.089507
17.872454
7.077964
31.439230
7.536890
6.271932
16.874436
33.991507
18.108684
7.005387
8.153601
52.715512
7.616922
9.216009
7.253717
7.070590
53.370370
23.129304
17.645433
40.710616
32.937548
7.004032
10.217286
13.000159
7.270135
6.806939
9.284512
9.131422
19.869911
10.454027
64.266839
7.605830
20.111355
19.590243
6.397055
21.682463
28.648664
11.372445
34.077875
20.490804
21.399408
7.021096
7.199815
8.803712
41.433391
25.327751
6.171719
10.548624
14.992189
8.260188
14.976039
6.384858
37.937126
7.022956
8.686406
6.412608
7.570910
58.627041
7.094531
50.003674
26.909734
12.405195
49.952502
13.895362
28.274071
6.419836
59.888648
6.521609
6.967177
6.431314
30.082678
6.329354
29.768318
7.036098
7.197723
7.030757
22.808662
22.202528
10.081033
6.544708
8.729463
23.385956
31.623608
48.865890
23.523698
20.502783
34.924938
6.707842
7.934347
10.459332
16.782493
60.905641
9.398302
21.607247
8.243491
40.836385
13.093741
7.741786
6.645579
10.804268
54.482340
7.220328
14.524862
15.370584
6.333486
10.336844
22.254202
8.746711
11.412411
6.710888
6.905747
7.155340
24.578693
13.160970
24.671928
6.359966
6.949286
52.856798
47.633882
19.154425
7.011646
7.173675
34.569610
6.820206
11.088553
9.906684
7.031045
9.788006
18.193147
10.087536
38.982771
34.009738
6.961392
8.610271
67.770573
6.962802
14.360313
17.932849
23.457413
6.567452
48.379871
7.453502
7.759177
8.727043
13.762504
12.782333
12.683102
9.888182
9.952938
6.483737
36.931710
17.269543
6.301746
14.574900
35.488498
14.559858
52.354923
38.349591
33.184780
8.384022
7.518351
8.260573
11.401756
30.156338
6.432197
6.838966
38.084837
75.574811
8.939626
7.962048
28.516092
16.958754
25.150806
8.543905
6.966969
6.638382
6.459733
7.822155
7.397790
11.648825
16.228983
24.802650
12.767831
6.385622
34.858478
8.190150
31.088772
7.591470
8.802108
16.632065
33.141042
37.961274
38.313438
39.393691
7.468040
48.089307
7.022123
28.431680
58.381573
7.421127
48.154947
19.526877
33.132040
10.155457
14.786195
29.377791
6.390468
8.490143
41.283573
7.254741
39.864111
9.672270
44.577890
19.389071
50.051338
9.424728
7.326911
13.974243
10.504076
6.541334
24.955471
6.703980
41.299535
6.922641
7.946105
7.221309
42.654742
14.190107
6.339844
7.349613
14.341256
17.869766
9.913926
70.603561
19.006407
18.864008
6.423241
43.220505
6.263444
8.455642
17.387685
18.097480
14.549559
28.195678
15.311813
14.779142
22.432505
30.752625
45.322273
7.901751
7.952400
8.863518
10.561310
7.900815
8.833366
12.494433
17.853417
11.073256
7.783269
12.534335
12.609283
35.354833
14.438509
12.185344
8.938823
6.378958
17.891273
6.718933
48.402266
6.226890
8.409344
21.348678
38.582646
11.027923
8.512635
7.861454
23.856119
35.689256
8.983758
20.053548
7.497909
9.649913
12.555544
47.654891
23.261116
7.059731
6.949720
7.883744
72.174770
11.467187
23.861788
6.805835
32.701312
79.137685
13.664524
21.857299
11.981708
16.215317
13.072834
37.495487
44.880860
10.563793
22.379357
23.351952
11.658764
41.653941
29.714259
10.645085
6.414022
39.660615
6.712817
17.828113
6.565934
8.208192
9.863668
94.484424
8.448764
71.313018
47.095347
24.108307
23.516068
50.053903
7.120232
19.735754
38.847938
6.201691
7.343292
103.738138
14.677887
12.662509
32.300736
43.953364
21.879440
42.766055
57.968661
8.141343
6.248807
7.484469
17.789101
8.733278
9.493389
48.974094
6.475867
16.520478
10.724229
26.576194
13.949806
13.771458
7.034145
21.424460
12.451568
39.049435
12.003103
14.927436
42.588470
17.656330
7.220526
6.879355
35.195170
16.208387
7.785312
15.141192
7.591999
26.236844
61.103893
8.368289
7.109850
9.791285
6.932635
9.539558
17.096719
18.290082
12.548184
6.954478
41.966846
8.111807
7.986767
23.132034
25.090852
13.333032
36.997047
15.337740
15.528465
6.932642
19.642869
8.517810
22.406672
17.598760
41.081168
9.509019
8.340371
23.128809
7.916435
45.331990
6.277308
7.576712
6.806408
10.076926
25.643856
10.478672
12.527276
26.989229
34.361943
8.669254
78.399309
28.168439
19.614979
6.515112
13.706379
9.874215
56.623668
26.393311
25.409973
27.848487
6.596809
11.689297
44.891352
18.394156
7.204582
21.404317
19.816902
6.694800
6.283934
6.543659
7.229411
6.536187
40.333266
6.550050
27.615078
17.171735
46.278028
45.491751
24.029645
18.006640
26.560712
13.382211
11.691898
7.130726
40.973692
7.016237
8.304451
51.772812
35.470039
22.439650
6.851634
82.733570
14.880912
29.410392
6.701920
17.529549
13.147136
27.313778
17.762452
11.070275
13.520918
40.384035
9.430075
22.609756
45.406871
38.210899
16.857071
17.061407
24.126857
11.190717
6.862654
10.263606
6.205791
10.228443
20.371735
22.157577
9.300415
9.728240
6.262435
6.262435
7.644627
29.201968
14.779468
70.051928
24.562240
6.777983
10.063024
34.675522
6.943154
35.317786
20.816618
6.489409
6.169452
8.660637
35.688651
18.245354
44.689446
37.829629
24.356386
12.331612
6.565028
8.163666
36.339636
6.305035
50.464925
11.252649
19.166665
7.707804
42.142045
6.916130
15.602006
7.413854
73.702222
18.652929
33.899582
7.019321
7.672511
6.862345
22.257786
38.263213
14.887634
6.895827
16.208863
14.645666
10.816612
7.414414
11.481671
6.947678
8.241384
17.631752
7.391256
13.524723
12.961505
8.377783
20.336073
12.713301
23.730016
16.259476
56.950323
14.348866
17.811796
11.027232
29.565768
8.338434
17.233475
8.216860
9.010106
63.639929
35.234518
38.917504
58.305216
18.308855
7.572500
39.082138
59.336342
6.429962
15.410670
13.585788
6.865191
10.239356
59.877453
12.405864
7.499878
13.616931
14.821133
18.991122
10.947908
7.835889
15.603815
26.488408
15.033991
6.938302
9.935625
23.617966
41.481410
36.074288
6.413439
9.567475
20.288550
11.748181
6.303913
9.202459
13.005355
6.814458
25.541897
6.617539
6.845480
7.032629
17.044065
45.278154
9.123429
6.632790
33.827289
75.910999
8.567194
17.564712
7.233932
10.833350
6.737483
8.552328
12.304361
7.141583
49.785799
8.594481
9.083569
11.897228
27.479842
13.041937
91.113383
8.069044
19.946967
15.731955
71.709540
6.350042
9.319337
9.994102
11.030469
8.600472
27.571554
25.096416
8.009703
51.386808
7.042893
10.708042
8.351778
9.688216
16.733331
7.053759
7.935270
33.078729
13.168025
10.029190
47.540485
8.028763
12.655181
8.644928
14.208552
19.341194
13.643189
8.280388
33.659545
16.432434
31.817184
8.371541
27.606032
7.009426
7.705222
8.677451
20.982541
16.544820
7.429795
10.787998
18.065461
7.501037
11.020953
14.268304
12.393202
45.520834
21.268785
15.646274
41.451825
20.248809
45.987409
9.465816
8.218104
27.037785
18.239171
7.428561
15.898620
71.562979
6.630452
6.833553
17.927304
13.211589
63.191944
20.540522
6.720991
40.497556
30.744799
42.614599
51.317273
6.341533
8.442183
43.437025
54.583596
7.131911
8.566479
7.849459
12.456934
6.937142
60.067362
29.361267
19.271729
21.098663
14.427306
14.005667
64.574714
22.076821
6.315671
10.069756
29.532013
10.556795
9.723344
15.000344
21.267382
7.854484
6.463280
55.132012
8.106665
6.989112
16.548086
20.215808
27.605232
41.079224
10.638562
17.279951
7.906434
11.428232
40.895800
10.439784
7.521383
13.958986
45.400738
7.776089
28.913899
15.963106
10.210176
19.969893
31.787781
20.164810
16.847983
23.779463
37.790780
13.207595
10.766699
6.962704
16.633266
8.911520
6.668030
47.671519
7.747809
7.747809
6.136566
29.519232
44.043183
22.235368
6.381583
25.244150
6.800702
6.961182
22.697405
7.799126
7.927189
37.805497
7.243976
9.468626
14.310188
9.952952
35.491418
43.040850
7.324269
8.379511
40.798020
62.256847
36.235093
7.128039
11.926870
21.597269
8.821388
6.739140
6.535685
13.152583
13.158331
7.304465
7.856150
131.761498
39.695308
18.296029
15.886423
8.387969
6.694716
8.297294
7.010675
7.314130
6.608358
6.725527
35.992222
7.803136
15.744635
6.372735
7.265575
6.590950
9.728134
23.954363
25.253645
8.135197
23.227677
13.928802
8.482157
9.821218
21.348432
10.847664
6.775636
6.575416
6.269706
6.480422
12.937130
7.080892
33.420656
37.842800
24.696799
13.668326
6.512666
44.285214
18.287792
47.950514
6.432471
54.022240
16.793404
112.031192
14.133883
42.014830
21.177840
49.360456
28.934237
21.212853
15.893277
32.637086
6.846978
24.933508
9.053439
59.043817
20.638527
12.673408
11.651290
9.243319
33.181075
33.085866
14.862255
12.605938
11.725286
6.638784
24.641468
24.388761
7.100792
14.183413
11.026075
7.162958
16.479398
8.344120
8.110419
29.665477
13.611355
35.709167
26.939668
9.510485
6.893479
49.825677
8.111427
21.322262
51.117620
10.743999
13.453469
10.404250
7.960918
14.044356
6.378383
15.273842
7.325144
10.898625
72.332130
8.493425
7.265959
32.093811
7.536936
15.006552
13.350564
7.357968
61.656913
6.370629
7.142543
40.077850
6.581156
18.043119
42.655874
14.329758
53.371334
8.657761
23.681939
19.383791
10.233235
6.632315
10.451053
32.995723
25.075409
6.727859
27.202462
7.738071
61.243617
36.066460
36.658613
7.915798
8.135356
6.822273
23.348585
64.140981
19.419572
24.247388
6.953171
6.664657
7.036414
26.557447
8.551654
17.986262
17.963969
11.805714
31.449006
17.884471
46.182194
49.674591
6.576409
38.342581
7.540786
8.913713
7.645411
16.844553
8.882971
13.832728
7.564427
7.872417
11.202961
8.068310
7.038319
9.044401
8.173790
15.660736
7.268226
13.239312
26.522985
9.845753
7.196308
28.115037
11.363177
7.031011
11.547590
39.653467
11.520227
13.819951
8.543151
7.511140
35.635728
7.047173
6.507973
8.340859
35.531212
10.296388
9.054179
7.161960
57.874686
7.304090
20.468142
22.222316
41.227791
12.946839
16.635178
6.442915
18.206205
23.929131
10.601794
21.162497
31.553205
30.144044
6.154064
7.639879
17.246567
26.582206
9.564642
9.702177
87.043111
7.834755
46.077900
42.115953
48.076720
20.263832
26.844259
26.010626
10.880172
9.040998
28.506366
50.010234
6.811215
10.618088
6.678470
10.427085
36.911810
41.467666
32.935843
66.139743
8.546427
12.828986
49.324622
34.188014
6.469088
24.872948
10.609516
24.580986
35.913689
8.331082
11.224711
10.494262
6.386423
13.491749
19.500603
7.597673
11.035667
8.141565
6.510369
10.247615
9.064867
14.297839
53.974864
8.022144
15.769441
23.083912
6.295869
25.393440
16.795125
32.356798
20.808602
70.119826
7.115491
14.807441
23.213388
9.231077
11.614167
26.009560
9.383116
6.329282
11.470885
9.035053
7.491578
16.342394
19.071077
7.441586
13.159358
42.166573
9.282364
19.177338
6.399079
6.124819
23.496996
37.999261
7.957164
18.925473
25.730640
17.520449
11.481826
6.919411
14.510814
8.205535
6.531173
19.157506
9.294819
9.530012
27.915082
34.676492
16.539037
10.544390
7.118628
35.537160
6.910439
39.288018
17.074835
13.849318
82.957961
7.345690
29.228655
8.496056
14.127743
6.748135
44.857005
8.395208
39.319709
17.433912
28.394392
19.460488
20.695514
14.134992
8.351447
32.010998
49.880420
